-0.00495593
-0.0375282
-0.0131004
0.0231274
0.0249553
0.0206833
-0.0040886
0.00553954
-0.00013225
-0.013504
-0.0189756
-0.0291472
-0.0307187
-0.0245901
-0.0257615
0.00226722
-0.011904
-0.0321752
0.0274538
0.0713828
0.105412
0.109341
0.0881702
0.0494995
0.0372288
0.0623582
0.0434877
-0.0281827
-0.0798531
-0.104923
-0.127094
-0.140364
-0.143834
-0.145604
-0.147174
-0.148944
-0.149113
-0.141183
-0.123153
-0.117222
-0.141592
-0.149561
-0.154631
-0.1482
-0.118669
-0.113938
-0.109507
-0.120576
-0.0991453
-0.0676142
-0.028483
-0.0229517
-0.00282037
1.10486e-05
-0.0176575
-0.0353259
-0.0522943
-0.0608626
-0.0626308
-0.0804989
-0.090267
-0.086035
-0.085003
-0.0673708
-0.0465386
-0.0352063
-0.071574
-0.0858416
-0.0684091
-0.0771765
-0.0804439
-0.0702112
-0.0370784
-0.0255455
-0.00411262
0.0261204
0.0227534
0.0357866
0.0660198
0.069553
0.0693864
0.0828198
0.0754533
0.0681869
0.0619205
0.0673542
0.067088
0.0765218
0.0863557
0.0921897
0.0604238
-0.00604207
-0.0259079
-0.0352736
-0.0364392
-0.0187048
0.0421297
0.0843642
0.131899
0.142634
0.144468
0.141503
0.126238
0.118973
0.145408
0.132043
0.143878
0.146014
0.155749
0.148085
0.12472
0.115056
0.106491
0.0870269
0.0970627
0.115999
0.0818344
0.0794704
0.0904065
0.119043
0.159779
0.213415
0.299051
0.282888
0.269424
0.261761
0.252898
0.218034
0.190871
0.166308
0.147445
0.130482
0.110019
0.072156
0.0732932
0.0754304
0.0680678
0.0423052
0.0234427
0.0264802
-0.0412821
-0.0910444
-0.0993067
-0.0911688
-0.0493309
0.0715071
0.0686451
0.0986833
0.131921
0.12006
0.124298
0.102837
0.087675
0.0630135
0.0408522
-0.00150912
-0.00657035
-0.00903151
-0.0090926
-0.00315361
-0.000614552
0.0208246
0.0411638
0.019203
0.0438424
-0.156718
-0.176079
-0.236439
-0.2838
-0.0674598
0.10528
0.12112
0.0472597
0.1118
0.0933397
0.0881799
0.0590201
0.0402603
0.0341007
0.0129411
0.000681575
-0.00417787
0.000562758
0.00720346
0.00934423
0.0245851
0.00972598
0.039067
-0.029792
-0.185451
0.00479034
-0.0302684
-0.069127
-0.0616856
-0.0466442
0.0622974
0.130839
0.145581
0.158222
0.175964
0.187106
0.160748
0.15019
0.145432
0.131875
0.116117
0.103559
0.0944016
0.0853441
0.0735867
0.0560293
0.046872
0.0451148
0.0599576
0.0900005
0.0945435
0.0789865
0.0638297
0.0751729
0.0910161
0.136359
0.116803
0.0870464
0.0624899
0.0545335
0.0443772
0.034921
0.0332648
0.0899087
0.0727527
0.0847968
0.0527409
0.0640851
0.0803294
0.0912737
0.103318
0.111963
0.122307
0.123752
0.129796
0.148341
0.189586
0.164831
0.169576
0.186121
0.208266
0.212011
0.211957
0.167002
0.165747
0.173493
0.190738
0.202484
0.23363
0.240775
0.243121
0.256667
0.239613
0.194259
0.178205
0.181452
0.147698
0.0625441
0.0886906
0.093037
0.136484
0.11933
0.135877
0.158224
0.18637
0.258217
0.246564
0.214911
0.196459
0.180606
0.169953
0.1627
0.184048
0.121395
-0.00785722
-0.0569096
-0.0600619
-0.110414
-0.130266
-0.183318
-0.16937
-0.231722
-0.169774
-0.0118261
-0.0037778
-0.0209295
-0.0212811
-0.0161326
-0.028884
-0.0326354
-0.0236867
0.00416203
0.0810109
0.10756
0.0737088
0.0591578
0.0678069
0.0699561
0.0812054
0.0380547
-0.0214959
-0.0193464
-0.00789687
-0.0758472
-0.0463976
0.0099522
0.00250204
-0.0747481
-0.0622981
-0.058048
-0.0568979
-0.0788477
-0.0397975
-0.0258471
-0.0377967
-0.0437463
-0.0608957
-0.0654451
-0.0841944
-0.109044
-0.101993
-0.0976419
-0.0914909
-0.0748399
-0.0949888
-0.134138
-0.189286
-0.179535
0.00591642
0.122268
0.0997194
0.0291711
0.0138227
-0.0021255
-0.0173737
-0.0264218
-0.0797698
-0.100118
-0.0833656
-0.0632134
-0.0433612
-0.00310885
-0.0377564
0.016296
0.000948573
-0.0107988
-0.0124461
-0.0152934
-0.00974053
-0.0337876
-0.0769347
-0.111382
-0.109228
-0.146275
-0.133422
-0.172669
-0.127115
-0.0924618
-0.101408
-0.143155
-0.129801
-0.125347
-0.115393
-0.11834
-0.112886
-0.112731
-0.0933774
-0.0880232
-0.121869
-0.138215
-0.10546
-0.119406
-0.187451
-0.262997
-0.286742
-0.292787
-0.269132
-0.232377
-0.163622
-0.221767
-0.257712
-0.234557
-0.245602
-0.256747
-0.252991
-0.233536
-0.21498
-0.189424
-0.186569
-0.196213
-0.220357
-0.224001
-0.225645
-0.215489
-0.200333
-0.234677
-0.274221
-0.265164
-0.280608
-0.293452
-0.293495
-0.311938
-0.263882
-0.223925
-0.202468
-0.169311
-0.174054
-0.164697
-0.13654
-0.141683
-0.141826
-0.140468
-0.142511
-0.157953
-0.170596
-0.171838
-0.166781
-0.167823
-0.147365
-0.170007
-0.183349
-0.211591
-0.295733
-0.340875
-0.313617
-0.288458
-0.2687
-0.256741
-0.230183
-0.211924
-0.205866
-0.229807
-0.243048
-0.261689
-0.28593
-0.285571
-0.284612
-0.248153
-0.242294
-0.259934
-0.261875
-0.302315
-0.358956
-0.355396
-0.349337
-0.337477
-0.326617
-0.333957
-0.340097
-0.326837
-0.323477
-0.311517
-0.295857
-0.306696
-0.363236
-0.439975
-0.422415
-0.478654
-0.421694
-0.337233
-0.351872
-0.354211
-0.37845
-0.344789
-0.348528
-0.341267
-0.352606
-0.309244
-0.330683
-0.337521
-0.34886
-0.354798
-0.305537
-0.255275
-0.206213
-0.162451
-0.131389
-0.106727
-0.102665
-0.128803
-0.15624
-0.201678
-0.205516
-0.203753
-0.305091
-0.294828
-0.293165
-0.259003
0.0245601
0.037023
0.0495859
0.069149
0.103112
0.154675
0.151339
0.184602
0.107165
0.00922868
0.0179922
-0.00284418
-0.0330805
-0.0468168
-0.0601529
-0.069489
-0.0757251
-0.033061
-0.0273969
-0.0298328
-0.0536685
-0.0634042
-0.0610398
-0.0694753
-0.0667108
-0.0487462
-0.00528152
-0.0254168
-0.020652
-0.0154871
-0.0183221
-0.104357
-0.014492
-0.00832679
-0.0470615
-0.0624962
-0.0399308
-0.0213654
-0.0271998
-0.00533423
0.0251314
-0.0111028
-0.020737
0.0753289
0.0683949
0.126461
0.122927
0.114193
0.101659
0.0856257
0.0320921
-0.000241411
0.0365251
0.00929173
-0.0722416
-0.122075
-0.000308036
0.0960589
0.0463258
0.00519285
0.0442599
0.107327
0.0960944
0.0901617
0.0852291
0.0759965
0.0449641
0.0590317
0.0364993
0.0353671
0.0438349
0.0634028
0.0784708
0.103739
0.104107
-0.0162249
-0.0736567
-0.0488884
-0.03912
-0.0572515
-0.079783
0.0607856
0.183654
0.169423
0.150692
0.156561
0.15493
0.154799
0.163668
0.167437
0.150006
0.129676
0.116545
0.103414
0.107784
0.116654
0.119323
0.134693
0.148163
0.127833
0.102603
0.113373
0.172843
0.0929129
0.120983
0.107953
0.119224
0.134794
0.132865
0.136335
0.157706
0.144177
0.127348
0.0814185
0.0592895
0.0657605
0.0534316
0.0426028
0.047174
0.0612453
0.0912167
0.121688
0.12666
0.138231
0.148103
0.143175
0.0929465
0.0874184
0.11309
0.101562
0.0878345
0.0902067
0.103979
0.117051
0.121324
0.102696
0.0859686
0.0839412
0.0679139
0.0504866
0.0385594
0.0327323
0.0363053
0.0518783
0.0189514
0.0150246
-0.0283022
-0.0995289
-0.141356
-0.139982
-0.134809
-0.116535
-0.0807613
-0.0491875
-0.0293137
-0.0474398
-0.0591659
-0.0921919
-0.112818
-0.133144
-0.142669
-0.153795
-0.119521
-0.0643462
0.0180283
0.0166029
-0.0450224
0.0249523
0.0403271
-0.097998
-0.135423
-0.059948
-0.0847729
0.0670023
-0.0466225
-0.168947
-0.120072
0.0222036
-0.0207208
-0.0594452
-0.0502696
-0.0212938
-0.050418
-0.0480421
-0.0635662
-0.0872902
-0.101014
-0.151638
-0.170762
-0.169185
-0.146209
-0.123333
-0.141356
-0.176179
-0.238903
-0.300926
-0.390249
-0.340572
-0.307495
-0.313818
-0.298641
-0.260864
-0.225187
-0.21561
-0.198932
0.0168453
-0.00207719
0.0144004
0.00287807
-0.0235442
-0.0273664
-0.0238885
-0.0228106
-0.00933253
-0.0168544
-0.0383763
-0.106598
-0.15192
-0.217041
-0.324863
-0.410484
-0.366806
-0.378727
-0.335448
-0.28347
-0.302691
-0.247212
-0.182633
-0.148954
-0.157474
-0.194095
-0.199416
-0.188337
-0.191557
-0.195578
-0.195798
-0.207718
-0.214239
-0.216059
-0.231379
-0.244199
-0.260419
-0.321239
-0.348359
-0.444778
-0.447398
-0.365718
-0.328537
-0.319157
-0.291976
-0.287896
-0.301815
-0.303034
-0.329753
-0.350572
-0.402291
-0.38621
-0.410529
-0.460348
-0.362166
-0.260485
-0.177204
-0.131122
-0.0906404
-0.0624588
-0.0313771
-0.0983953
-0.0954134
-0.0790314
-0.125949
-0.0916673
-0.134885
-0.178803
-0.190921
-0.214438
-0.235956
-0.227173
-0.216091
-0.205608
-0.189325
-0.181543
-0.14536
-0.159877
-0.108294
-0.107211
-0.113227
-0.139444
-0.189161
-0.214978
-0.210394
-0.224711
-0.253727
-0.267843
-0.23066
-0.183776
-0.176892
-0.148008
-0.174124
-0.16274
-0.120956
-0.110171
-0.105487
-0.126403
-0.117418
-0.124034
-0.128949
-0.140165
-0.13818
-0.135495
-0.12751
-0.113125
-0.12584
-0.185055
-0.21407
-0.240785
-0.205699
-0.236614
-0.274329
-0.240843
-0.216758
-0.223672
-0.233186
-0.1754
-0.129114
-0.132329
-0.129742
-0.139556
-0.16247
-0.163484
-0.175998
-0.186611
-0.190725
-0.181738
-0.180252
-0.163665
-0.144178
-0.127592
-0.152205
-0.188618
-0.182231
-0.182244
-0.197357
-0.184569
-0.163782
-0.0473947
-0.0267072
-0.0215197
0.00596788
0.0262555
0.0462433
0.0740311
0.101619
0.0958069
0.0478949
0.070183
0.0734711
0.0642594
0.0743477
-0.00916398
-0.0802755
-0.054487
-0.0368984
-0.0270098
0.139479
0.272568
0.295257
0.268746
0.286735
0.245824
0.259313
0.251702
0.250991
0.229981
0.21967
0.20986
0.211549
0.212439
0.212129
0.189018
0.203008
0.186298
0.180288
0.212578
0.225768
0.260659
0.185549
0.102339
0.0697298
0.0548203
0.0329109
0.0407015
0.0378923
0.0420831
0.0390739
0.00976486
-0.00214413
-0.00155305
0.0686381
0.0721293
0.0391206
0.084212
0.150503
0.147795
0.153087
0.161878
0.18467
0.216262
0.241154
0.290345
0.273638
0.19843
0.0746217
0.092414
0.162106
0.176299
0.0993911
0.0913836
0.0810761
0.0856688
0.0929615
0.125454
0.122647
0.12334
0.140133
0.169326
0.188919
0.183513
0.149706
0.147299
0.128793
0.0988862
0.0483798
-0.0135266
-0.0237329
-0.0276391
0.0965548
0.0812487
0.0122427
0.0162368
-0.000269035
-0.0468748
-0.0662805
-0.0852862
-0.105792
-0.0689972
-0.0289026
-0.037308
-0.0339133
-0.0385185
-0.0389236
-0.0208287
-0.00803367
0.00446141
0.0250566
0.00195178
0.00474707
0.0294424
0.0658379
0.0494334
0.031229
-0.0215754
-0.0768797
-0.105784
-0.00968802
0.0772079
0.0455039
-0.0254
-0.0368039
-0.0540076
-0.0397113
-0.080815
-0.0296186
-0.059522
-0.0676255
-0.0889288
-0.104932
-0.109035
-0.0848384
-0.0664415
-0.0291445
-0.0101474
-0.0601503
-0.117253
-0.140556
-0.155458
-0.214461
-0.264363
-0.204166
-0.0804683
-0.0171705
-0.0900727
-0.0945749
-0.069077
-0.011079
-0.0139809
-0.0194827
-0.0280845
-0.0372862
-0.0477879
-0.0880894
-0.0917909
-0.0952924
-0.0876937
-0.083195
-0.113396
-0.106897
-0.0853984
-0.0933994
-0.2182
-0.283101
-0.273802
-0.174003
-0.206403
-0.144704
-0.0928044
-0.126205
-0.145305
-0.115805
-0.0682057
-0.0858058
-0.126506
-0.124706
-0.139106
-0.161306
-0.102505
-0.0828052
-0.0743048
-0.0801044
-0.106804
-0.109603
-0.156203
-0.146902
-0.186301
-0.1946
-0.191199
-0.0646984
-0.0511973
0.0190039
0.0277051
-0.0193936
-0.0184923
0.0159092
0.0220107
0.0385122
0.0110139
-0.0586844
-0.0557826
-0.0429808
-0.0576788
-0.0692768
-0.0291748
0.0308274
-0.0246704
0.0123319
0.140534
0.112737
0.246939
0.153542
0.108044
0.131947
0.17385
0.117453
0.252756
0.284759
0.166662
0.0326649
-0.0656319
-0.0904286
-0.151025
-0.158822
-0.274518
-0.277515
-0.283811
-0.263807
-0.265104
-0.2642
-0.289496
-0.334392
-0.345188
-0.390284
-0.446379
-0.440275
-0.451271
-0.451966
-0.430362
-0.401957
-0.379753
-0.370548
-0.355943
-0.326038
-0.295233
-0.282728
-0.291523
-0.312618
-0.327613
-0.324508
-0.321102
-0.305897
-0.308091
-0.312386
-0.34178
-0.335874
-0.321369
-0.300763
-0.278957
-0.258551
-0.264445
-0.265639
-0.269233
-0.262726
-0.26132
-0.260313
-0.265907
-0.2716
-0.272294
-0.266787
-0.25578
-0.234673
-0.193266
-0.193259
-0.153952
-0.151445
-0.192638
-0.212231
-0.226423
-0.243316
-0.244309
-0.255301
-0.249893
-0.249686
-0.242478
-0.23777
-0.180662
-0.152354
-0.149746
-0.157038
-0.14763
-0.140921
-0.113913
-0.106705
-0.0923961
-0.111588
-0.0917789
-0.0538702
-0.0665614
-0.0388526
-0.0306436
-0.00203464
-0.0173256
-0.0377164
-0.0176072
-0.0181979
-0.0584886
-0.134479
-0.0359697
0.0468399
0.0913495
0.145859
0.093669
0.0410789
0.0927888
0.112499
0.0666088
0.097019
0.0505292
0.0481395
0.0141498
-0.0103398
-0.0462293
-0.00731872
-0.00380808
-0.0170974
-0.154487
-0.235176
-0.208565
-0.0996538
-0.0163428
0.0916684
0.0848796
0.0686908
0.102302
0.159114
0.189825
0.183637
0.201348
0.32136
0.370872
0.359884
0.357096
0.333508
0.32852
0.284232
0.278244
0.238156
0.196569
0.258581
0.309693
0.384606
0.376019
0.317831
0.245444
0.209457
0.44797
0.297883
0.281796
0.301409
0.296522
0.314736
0.319549
0.303662
0.307276
0.295689
0.270803
0.250917
0.236131
0.222244
0.223258
0.228772
0.205586
0.178
0.131915
0.0794289
0.0156433
-0.0227423
0.0302722
-0.0314132
0.0350014
0.0327161
-0.00966914
-0.0124543
0.0797606
0.0747756
0.0913907
0.121506
0.111921
0.119936
0.107152
0.091467
0.0588825
0.0369981
0.0111137
0.0283294
0.0636452
0.089361
0.070677
-0.00210705
-0.030491
-0.0592749
-0.0810587
-0.0439424
-0.120326
-0.0648096
0.0135069
0.136123
0.21634
0.117157
-0.0987265
-0.0814096
-0.0389927
0.0440243
0.101341
0.100258
0.0559757
0.0930929
0.13571
0.138028
0.212245
0.306463
0.0796804
-0.149402
-0.177684
-0.151666
-0.196248
-0.18543
-0.183312
0.121706
0.175924
0.197342
0.351561
0.332179
0.228997
0.300316
0.328235
0.415953
0.403872
0.377691
0.36891
0.370729
0.407148
0.403967
0.386386
0.363506
0.232925
0.173144
0.163664
0.150383
0.221203
0.261123
0.215242
0.196162
0.257482
0.273502
0.309822
0.269542
0.125063
0.110583
0.0558031
0.0266235
0.083344
0.112265
0.173185
0.215506
0.227727
0.248548
0.251068
0.279989
0.20761
0.164532
0.147553
0.210474
0.167195
0.143917
0.113338
0.0798598
0.127781
0.207003
0.207325
0.219847
0.0899687
0.0570907
0.0332127
-0.0108652
-0.010643
-0.0125207
-0.0533983
-0.0840759
-0.0801535
-0.0930309
-0.109108
-0.123386
-0.179063
-0.15994
-0.104117
-0.131994
-0.044671
0.0521521
0.0228753
-0.0146014
-0.0371781
-0.0254547
-0.0387312
-0.120308
-0.042984
-0.0241604
-0.0480366
-0.0230127
0.0142112
0.00583514
0.0131592
-0.0582167
-0.0811925
-0.107868
-0.137644
-0.145319
-0.157495
-0.30217
-0.380546
-0.422621
-0.389296
-0.281872
-0.0911466
-0.0429216
-0.0385966
-0.0776715
-0.0735463
-0.068921
-0.0822957
-0.10117
-0.125745
-0.142119
-0.188694
-0.228368
-0.191242
-0.189116
-0.15109
-0.124464
-0.0883384
-0.0470123
-0.0219861
0.0651402
0.0991665
0.0223929
-0.0568806
-0.136254
-0.261927
-0.305001
-0.295874
-0.233047
-0.19092
-0.169893
-0.158166
-0.144539
-0.132712
-0.122785
-0.120657
-0.10973
-0.101702
-0.0841749
-0.0894472
-0.13252
-0.186492
-0.164364
-0.076336
-0.0783081
-0.09698
0.0650481
0.0820763
0.00680456
-0.129367
-0.179439
-0.18341
-0.191382
-0.170353
-0.154024
-0.137196
-0.105067
-0.111738
-0.109109
-0.0979798
-0.0826507
-0.0644215
-0.0614923
-0.0491629
-0.0434335
-0.0445041
-0.0426745
-0.0411449
-0.0400152
-0.0545855
-0.0907556
-0.0755257
-0.140496
-0.142966
-0.170236
-0.150605
-0.0721751
-0.0575448
-0.0642144
-0.0777839
-0.0646534
-0.0468228
-0.0673921
-0.0786613
-0.11293
-0.1337
-0.127569
-0.138138
-0.120606
-0.103275
-0.095244
-0.170313
-0.239781
-0.19085
-0.162418
-0.158087
-0.155755
-0.159323
-0.153691
-0.129959
-0.100127
-0.0877954
0.0666367
0.122069
0.0641011
0.0395335
0.0627659
0.0428983
0.0213309
0.0099635
0.00209619
-0.00607106
0.000861773
0.00409467
0.0415276
0.0924607
-0.000106196
0.039027
0.23286
0.237194
0.153327
0.10756
0.041694
-0.132572
-0.218839
-0.196805
-0.225371
-0.143137
-0.0933033
-0.173869
-0.151635
-0.127201
-0.117667
-0.122932
-0.110398
-0.0994635
-0.0755289
-0.0196943
-0.0489596
-0.0691249
-0.09689
-0.0678551
-0.0648202
-0.0803851
-0.07305
-0.0817148
-0.0808796
-0.0467442
-0.000608838
0.0558266
0.0406622
0.0165978
0.0242335
0.0363692
-0.00239495
-0.0453591
-0.0677231
-0.044287
-0.0461509
-0.0775147
-0.0548785
-0.0423422
-0.163606
-0.208069
-0.273433
-0.318296
-0.335659
-0.333923
-0.326186
-0.277649
-0.284612
-0.329275
-0.332938
-0.339201
-0.348563
-0.260526
-0.261989
-0.259251
-0.270414
-0.242376
-0.248938
-0.249101
-0.265263
-0.243125
-0.242087
-0.233949
-0.218111
-0.256473
-0.342334
-0.338196
-0.370658
-0.397319
-0.369481
-0.362042
-0.346903
-0.314465
-0.302826
-0.281487
-0.290948
-0.299209
-0.26857
-0.257131
-0.267291
-0.282252
-0.300813
-0.318873
-0.331434
-0.299694
-0.296454
-0.273915
-0.321475
-0.425835
-0.386595
-0.301855
-0.268515
-0.185375
-0.106634
-0.00509399
0.0307464
0.0560869
0.0952274
0.033668
-0.0848913
-0.227251
-0.43631
-0.507669
-0.537928
-0.525487
-0.511046
-0.480005
-0.452363
-0.418122
-0.409681
-0.445239
-0.454498
-0.467256
-0.461714
-0.455373
-0.467931
-0.472889
-0.499447
-0.477205
-0.516863
-0.514621
-0.514378
-0.481936
-0.460294
-0.407151
-0.378309
-0.382666
-0.327723
-0.313781
-0.291538
-0.274995
-0.250352
-0.231409
-0.208966
-0.255423
-0.215679
-0.253936
-0.288693
-0.276949
-0.271506
-0.239162
-0.214818
-0.213275
-0.211931
-0.221787
-0.229743
-0.248699
-0.231555
-0.210411
-0.210866
-0.159122
-0.153678
-0.153033
-0.167789
-0.166444
-0.167499
-0.152355
-0.12741
-0.123865
-0.10362
-0.135675
-0.14913
-0.186385
-0.100239
-0.113594
-0.155949
-0.0625032
-0.0881577
-0.0950121
-0.148366
-0.107421
-0.100375
-0.049429
0.015117
-0.062437
-0.0332909
-0.0347447
-0.0607984
-0.0433521
-0.0589057
-0.0677593
-0.0688127
0.0103339
0.00498054
-0.120673
-0.119126
-0.131279
-0.114032
-0.129685
-0.145438
-0.183791
-0.212543
-0.208496
-0.211249
-0.231501
-0.212354
-0.204806
-0.121559
-0.119611
-0.143863
-0.163215
-0.174367
-0.188619
-0.189771
-0.200623
-0.173675
-0.163726
-0.157478
-0.199829
-0.206681
-0.150432
-0.125384
-0.131935
-0.170786
-0.227637
-0.170188
-0.184539
-0.30339
-0.264141
-0.271692
-0.266842
-0.272593
-0.207844
-0.189394
-0.177444
-0.184695
-0.169845
-0.162895
-0.131745
-0.0970953
-0.0525453
0.00370482
0.027855
-0.0722948
-0.126544
-0.0861941
-0.0718436
-0.0448931
0.0242575
0.150908
0.137859
0.0698097
0.0821606
0.0766116
0.0812626
0.106914
0.121565
0.135016
0.130567
0.140219
0.0509703
-0.0064782
-0.0626266
-0.0614749
-0.00852319
-0.144471
-0.153819
-0.160068
-0.150516
-0.182463
-0.242911
-0.183259
-0.187307
-0.222154
-0.222202
0.0212507
0.0485033
0.0460559
0.0425087
-0.196739
-0.295586
-0.291533
-0.32588
-0.384827
-0.380073
-0.46752
-0.456467
-0.520713
-0.62736
-0.608606
-0.668053
-0.681099
-0.692145
-0.710492
-0.719938
-0.711084
-0.68363
-0.666976
-0.667822
-0.662567
-0.632713
-0.616959
-0.630804
-0.66995
-0.602695
-0.57034
-0.557286
-0.595431
-0.599376
-0.588821
-0.607966
-0.602411
-0.628856
-0.6966
-0.731945
-0.76049
-0.744634
-0.717179
-0.686423
-0.690168
-0.661912
-0.637156
-0.6362
-0.293044
-0.343388
-0.318032
-0.347776
-0.38872
-0.507463
-0.513007
-0.498651
-0.434294
-0.416737
-0.463081
-0.377024
-0.358367
-0.39311
-0.377353
-0.304296
-0.303839
-0.316682
-0.292825
-0.300368
-0.28941
-0.274153
-0.257195
-0.236438
-0.24028
-0.231822
-0.355464
-0.284906
-0.384549
-0.339691
-0.339932
-0.430874
-0.296416
-0.316158
-0.266099
-0.319541
-0.313782
-0.298824
-0.291365
-0.238106
-0.239748
-0.213389
-0.24023
-0.224171
-0.241412
-0.218752
-0.201993
-0.187834
-0.0824746
-0.0963151
-0.155256
-0.194796
-0.215936
-0.151477
-0.375517
-0.283557
0.033603
0.069663
0.0120231
-0.0411167
-0.0425565
-0.0759962
-0.0852358
-0.118075
-0.117515
-0.0958542
-0.110894
-0.108633
-0.149672
-0.208511
-0.22775
-0.238989
-0.274428
-0.259567
-0.250006
-0.247244
-0.286283
-0.285922
-0.30196
-0.298298
-0.304137
-0.311975
-0.323613
-0.342651
-0.333989
-0.323227
-0.316465
-0.317303
-0.305441
-0.224779
-0.244916
-0.231354
-0.232191
-0.220629
-0.211766
-0.266703
-0.317041
-0.316778
-0.325915
-0.348552
-0.373989
-0.391725
-0.448562
-0.428299
-0.406636
-0.370072
-0.293909
-0.311245
-0.285881
-0.261018
-0.225354
-0.19289
-0.171526
-0.189262
-0.182698
-0.183734
-0.18237
-0.174905
-0.151841
-0.135176
-0.0855119
-0.0766473
-0.135283
-0.184718
-0.0819531
-0.0266882
-0.139623
-0.0415583
-0.0281932
-0.00652804
-0.00976281
0.0491025
0.363568
0.474033
0.465499
0.451564
0.38833
0.404696
0.354162
0.375427
0.388693
0.384559
0.390425
0.385092
0.325558
0.345124
0.339591
0.420057
0.293324
0.26849
0.290857
0.304823
0.30549
0.338557
0.510424
0.485091
0.474258
0.432625
0.366193
0.36786
0.361127
0.344995
0.336762
0.30933
0.314497
0.317065
0.324333
0.340101
0.337069
0.312037
0.288705
0.199673
0.197341
0.18841
0.267578
0.251546
0.237215
0.352083
0.395752
0.383721
0.37349
0.417958
0.399627
0.405796
0.507566
0.541535
0.165004
0.202773
0.183143
0.184912
0.176182
0.163551
0.0784207
0.0648905
-0.0452397
-0.0393699
-0.0375999
-0.0930299
-0.19576
-0.28319
-0.198919
-0.162949
-0.212679
-0.131508
0.0343621
-0.0129673
0.0128034
0.0100741
0.0144449
0.0682158
0.0684867
0.00865772
-0.0419712
9.99483e-05
0.00857117
-0.0893575
-0.134986
-0.202015
-0.190743
-0.193772
-0.1393
-0.125228
-0.0952565
-0.0781846
-0.125713
-0.155341
-0.136069
-0.104696
-0.116224
-0.0675519
-0.0231795
0.0179929
0.0344654
0.040638
0.0526106
0.0670833
0.0959561
0.156229
0.186102
0.169275
0.112148
0.0505212
0.0434944
-0.0412323
-0.104859
-0.106086
0.106088
0.461062
0.162535
0.111309
0.128583
0.0936566
0.246431
0.237505
0.196079
0.193553
0.199127
0.399201
0.400376
0.40965
0.328125
0.301699
0.208674
0.147149
-0.0192767
-0.0744018
-0.167027
-0.180152
-0.225577
-0.192202
-0.0816264
-0.120551
-0.109276
-0.0963003
-0.112925
-0.158249
-0.162574
-0.134198
-0.118822
-0.115446
-0.12837
-0.0808943
-0.0542182
-0.0479421
-0.0595659
-0.0462896
-0.0399132
-0.0433368
-0.0369603
-0.0411837
-0.076407
-0.0943303
-0.0903535
-0.0773767
-0.0763997
-0.148523
-0.165346
-0.138069
-0.0606913
0.112886
0.0981634
0.0794408
0.0771183
0.124496
0.101874
0.114951
0.107429
0.125207
0.107085
0.112163
0.118341
0.134619
0.124397
0.133376
0.119254
0.130632
0.0313108
-0.0262106
-0.040932
-0.0574532
0.0650256
0.0706044
0.00348334
-0.00373766
0.0433414
0.110921
0.1007
0.122979
0.134658
0.168038
0.139217
0.142097
0.139477
0.126256
0.116936
0.127816
0.167396
0.197976
0.225256
0.266036
0.109816
-0.0335034
0.00747694
-0.132843
0.00433787
0.284718
0.238699
0.21558
0.172061
0.132441
0.0991224
0.100703
0.149484
0.191766
0.172947
0.151528
0.149009
0.125591
0.200772
0.231054
0.270136
0.257017
0.201399
0.295981
0.317263
0.145745
0.0924269
0.177909
0.104791
0.0938736
0.106856
0.0532384
-0.00967914
-0.0252966
-0.0891139
0.0204688
-0.00974843
-0.0223656
0.00881735
-0.0311996
-0.0502166
-0.0342334
-0.0394502
-0.0202669
-0.0322836
-0.0363002
-0.0625167
-0.0452331
-0.0486494
-0.144166
-0.246482
-0.287398
-0.355714
-0.43793
-0.358046
-0.318162
-0.392278
-0.408993
-0.345809
-0.266825
-0.25404
-0.242356
-0.245071
-0.216786
-0.186701
-0.137117
-0.127132
-0.144847
-0.112662
-0.101577
-0.0629913
0.012094
0.0189793
0.00906476
0.0517503
0.0608358
0.0762215
0.132007
0.200893
0.198679
0.212665
0.218151
0.222037
0.234623
0.265309
0.268095
0.255682
0.257868
0.242455
0.0336413
0.0081279
-0.0772854
-0.204399
-0.255612
-0.208625
-0.300838
-0.202051
-0.191264
-0.153276
-0.106889
-0.0986018
-0.146614
-0.189227
-0.154639
-0.140152
-0.151664
-0.169776
-0.170088
-0.1772
-0.158212
-0.131624
-0.0857362
-0.040348
-0.0353597
-0.0561714
-0.066183
-0.0315945
0.0084941
0.0379827
0.0371714
0.0576602
0.00474907
-0.029062
-0.032173
-0.0296839
-0.0203948
0.000894397
-0.00481632
-0.026727
-0.0313376
-0.0205481
-0.0227585
-0.0255689
-0.0291792
-0.0426894
-0.0173995
0.00189039
-0.00651962
0.00717045
-0.0470394
-0.0558492
-0.0631589
-0.0582686
-0.0602782
-0.0848877
-0.0948971
-0.108806
-0.141516
-0.030025
0.0517659
0.0108568
0.0209478
0.0531388
-0.00277004
0.0359212
0.224112
0.266204
0.257195
0.218987
0.187778
0.16807
0.175062
0.222253
0.243745
0.179637
0.169829
0.113221
0.0949133
0.0537055
0.0259978
0.0459902
0.0863826
-0.0159249
-0.0600324
-0.00483974
-0.00364704
0.00604574
0.0231386
0.0205315
0.0303245
0.0423176
0.0548107
0.0636039
0.0554972
0.0541905
0.0606839
0.0747774
0.092671
0.151665
0.157058
0.151452
0.128446
0.12084
0.0848338
0.102028
0.126722
0.164916
0.164511
0.112705
0.137699
0.134494
0.153488
0.189383
0.186678
0.172872
0.141767
0.135462
0.113257
0.0949522
0.0746474
0.0703426
0.110038
0.149533
0.191229
0.195424
0.15702
0.126315
0.141611
0.169807
0.145003
0.134499
0.00209449
0.0567905
0.176587
0.238283
0.266279
0.257775
0.222872
0.206168
0.170865
0.173262
0.161258
0.142255
0.134552
0.153149
0.158046
0.193843
0.23284
0.243337
0.214534
0.0918318
-0.0191708
-0.0157733
-0.0223757
-0.0387781
-0.11718
-0.192183
-0.261985
-0.354587
-0.448189
-0.434891
-0.422493
-0.401895
-0.399596
-0.401698
-0.3511
-0.269501
-0.129602
-0.0522038
-0.0192051
-0.0161064
-0.0204075
-0.0314086
-0.0444096
-0.0444106
-0.0667114
-0.0623122
-0.073813
-0.0585136
-0.0667142
-0.0620147
-0.0970152
-0.0808156
-0.0472159
-0.0676161
-0.0441163
-0.0254163
-0.0474164
-0.0451163
-0.0242162
-0.011316
-0.00321571
-0.0600154
-0.046715
-0.0572145
-0.0157139
-0.0112133
0.0055874
8.81644e-05
0.007189
-0.0105101
0.0229909
0.031192
0.0533931
0.0536943
0.000295539
-0.0252031
-0.0864017
-0.0922002
-0.00949868
0.0342029
-0.0239954
0.00170641
0.00850825
0.00741016
0.0624121
0.0454142
0.0422163
0.224619
0.503821
0.490423
0.459626
0.374428
0.330131
0.293233
0.263936
0.258039
0.189841
0.212244
0.266847
0.21855
0.195854
0.195257
0.19506
0.116163
0.0744668
-0.0507298
-0.00872622
0.0870774
0.0909811
0.158285
0.162889
0.158993
0.116797
0.114301
0.118605
0.102709
0.0735132
0.0955176
0.103222
0.0944264
0.123031
0.116436
0.16054
0.160045
0.11735
0.0106548
-0.0605402
-0.128035
-0.12483
-0.358125
-0.45462
-0.398514
-0.380309
-0.396503
-0.325498
-0.293192
-0.301086
-0.283981
-0.284775
-0.274269
-0.240263
-0.269057
-0.248351
-0.216845
-0.196538
-0.180232
-0.153626
-0.204319
-0.180113
-0.198206
-0.174899
-0.0605925
0.0597143
0.156421
0.223228
0.234535
0.287842
0.26605
0.260657
0.284664
0.305672
0.309379
0.285087
0.281994
0.244102
0.25831
0.240517
0.229025
0.236633
0.237941
0.20615
0.162058
-0.025734
-0.181126
-0.230317
-0.276109
-0.0629003
-0.0149917
0.236517
0.162426
0.119735
0.0788435
0.103352
0.153662
0.157571
0.15078
0.135089
0.142898
0.145108
0.143917
0.135127
0.138236
0.163846
0.187456
0.131166
0.164676
0.141686
0.118996
0.175506
0.259516
0.223526
0.128137
0.124147
0.163657
0.193768
0.160979
0.189489
0.1921
0.242411
0.269422
0.263733
0.238744
0.258655
0.261766
0.283577
0.292789
0.295
0.277812
0.320823
0.345635
0.335746
0.344358
0.36347
0.373382
0.403094
0.435306
0.481618
0.50413
0.561242
0.588755
0.607567
0.58568
0.599892
0.585205
0.585118
0.57673
0.575843
0.572056
0.569369
0.424782
0.314695
0.387308
0.395522
0.405435
0.446148
0.417762
0.321975
0.271689
0.229203
0.413016
0.70863
0.494644
0.335758
0.356372
0.378886
0.4296
0.439215
0.424529
0.488543
0.474658
0.459572
0.433787
0.429002
0.474216
0.524931
0.543546
0.565161
0.451876
0.403291
0.483006
0.489222
0.507037
0.233052
0.281068
0.298583
0.254999
0.105415
0.113031
0.204446
0.331662
0.278578
0.284394
0.27991
0.244127
0.269243
0.278159
0.331976
0.381492
0.406009
0.374525
0.235542
0.265259
0.321775
0.197292
0.169509
0.252626
0.188643
-0.180039
-0.175422
-0.396905
-0.272287
-0.26107
-0.200952
-0.141335
-0.122417
-0.123199
-0.0779815
-0.0360637
-0.0723457
-0.0509276
-0.0594095
-0.0268914
-0.0011731
0.0564452
0.0525636
-0.129118
-0.289399
-0.318281
-0.236262
-0.264043
-0.142925
-0.157406
-0.280287
-0.290268
-0.0573485
-0.0344293
-0.00491008
0.110509
0.288329
0.110648
0.143468
0.151987
0.172207
0.162127
0.180447
0.280266
0.335586
0.335606
0.306327
0.128647
0.0554669
-0.0159127
-0.243792
-0.223172
-0.176851
-0.417131
-0.46341
-0.303889
-0.251568
-0.157948
-0.0544266
0.0064944
-0.0542845
-0.0889633
-0.0800421
-0.0629207
-0.0702994
-0.0726779
-0.0738564
-0.112435
-0.140613
-0.244191
-0.23857
-0.234848
-0.176126
-0.148404
-0.137882
-0.136659
-0.0701371
0.0849852
0.00350763
-0.0655699
0.00975263
0.0371752
0.0801979
0.0843207
0.129343
0.105366
0.126889
0.119812
0.0951355
0.112859
0.111782
0.113405
0.100929
0.114252
0.172076
0.198899
0.128523
-0.0388534
-0.10073
-0.221806
-0.308682
-0.352558
-0.340534
-0.297709
-0.248285
-0.253361
-0.263036
-0.140612
-0.104387
-0.104863
-0.136138
-0.131813
-0.133189
-0.135164
-0.0907387
-0.0622137
-0.0394886
-0.0725634
-0.103438
-0.121713
-0.169787
-0.442262
-0.395736
-0.356411
-0.228285
-0.233159
-0.147834
-0.0793078
-0.0781818
0.0230442
0.0613703
0.0583965
0.00592274
-0.00825094
-0.0134246
-0.0201981
-0.0194716
0.00985504
0.00708171
-0.0158915
-0.000764727
0.0779622
0.124289
0.113516
-0.0847567
-0.0463296
-0.0382023
-0.050975
-0.131448
-0.0750202
0.385207
0.365335
0.105763
0.0585904
0.0283182
0.192346
0.133974
0.290902
0.29633
0.357658
0.271387
0.224915
0.157643
0.0615717
-0.00699974
-0.0921711
-0.187542
-0.256614
-0.288185
-0.214456
-0.207127
-0.227598
-0.332169
-0.43484
-0.494711
-0.306181
-0.214452
-0.111822
0.00190716
0.0338368
0.0499664
0.0602962
0.077526
0.0899559
0.0852858
0.0832159
0.069946
0.0813761
0.0527064
0.0112367
-0.0733329
-0.199802
-0.267972
-0.285241
-0.409611
-0.34068
-0.388949
-0.386518
-0.342587
-0.247756
-0.126325
-0.056294
-0.0202628
-0.0176315
-0.0195001
-0.0376686
-0.0530371
-0.0365055
-0.0455738
-0.0378421
-0.0309103
-0.00287839
0.00965357
-0.0166144
-0.00678231
-0.13855
-0.201318
-0.213686
-0.301553
-0.328421
-0.374688
-0.323256
-0.267523
-0.30269
-0.269257
-0.182425
-0.0404916
-0.0547586
-0.126625
-0.131292
-0.102959
-0.102126
-0.0709924
-0.0546589
-0.0438254
-0.0236918
-0.00635812
-0.0649244
-0.134491
-0.175457
-0.203923
-0.270689
-0.155355
-0.10112
-0.229886
-0.181352
-0.233518
-0.224083
-0.275549
-0.264414
-0.283879
-0.292945
-0.15961
-0.113975
-0.13574
-0.152805
-0.14867
-0.190035
-0.201499
-0.189964
-0.178029
-0.167293
-0.239458
-0.389922
-0.462086
-0.537651
-0.536315
-0.437879
-0.448243
-0.401407
-0.317371
-0.304335
-0.286899
-0.305562
-0.353226
-0.322489
-0.285653
-0.313616
-0.24168
-0.246043
-0.245306
-0.203969
-0.192132
-0.183595
-0.156658
-0.184121
-0.293184
-0.392146
-0.416809
-0.414172
-0.471434
-0.478397
-0.460559
-0.477921
-0.468483
-0.380045
-0.230808
-0.280669
-0.331731
-0.304793
-0.228555
-0.158917
-0.158578
-0.14124
-0.133401
-0.106663
-0.0919241
-0.0441854
0.0646534
0.115892
0.125531
0.0616703
-0.00479063
-0.169951
-0.184112
-0.162573
-0.167934
-0.167894
-0.229255
-0.280515
-0.242475
-0.258836
-0.228496
-0.176356
-0.171916
-0.182376
-0.181236
-0.184396
-0.181155
-0.157415
-0.148675
-0.115634
-0.0105938
0.187547
0.0247874
-0.0252718
-0.193131
-0.25339
-0.348049
-0.246108
-0.175267
-0.174126
-0.226585
-0.227943
-0.170402
-0.191861
-0.191319
-0.166677
-0.128336
-0.127994
-0.122352
-0.12341
-0.111668
-0.107826
-0.0980844
-0.100442
-0.0859
-0.0610577
-0.0756153
-0.192773
-0.20163
-0.287788
-0.329145
-0.294402
-0.24706
-0.176717
-0.183874
-0.252331
-0.263788
-0.267144
-0.234601
-0.219658
-0.177315
-0.140071
-0.120228
-0.144284
-0.14254
-0.135597
-0.128353
-0.119809
-0.423165
-0.131221
-0.176277
-0.287833
-0.287789
-0.296744
-0.3624
-0.335555
-0.332611
-0.265566
-0.215122
-0.208777
-0.214132
-0.245087
-0.198142
-0.136297
-0.121652
-0.137807
-0.127562
-0.145517
-0.129771
-0.111426
-0.0895802
-0.0790347
-0.040189
-0.0307433
-0.0731975
-0.167352
-0.151906
-0.11806
-0.151014
-0.183467
-0.148121
-0.0557749
0.00927149
0.0234179
0.0288644
0.038411
0.0718577
0.0577044
0.0694512
0.0520981
0.045245
0.047892
0.0847391
0.116586
0.100833
0.0757808
0.0980282
0.0895756
0.0150231
-0.0523293
-0.0313817
-0.118834
-0.269186
-0.230738
-0.15059
-0.0534423
0.0216058
0.00175392
0.0118021
0.0113504
0.00739881
0.0511473
0.126796
0.127244
0.147393
0.143242
0.116291
0.145939
0.122188
0.119237
0.113186
0.127936
0.132685
-0.141666
-0.174817
-0.151967
-0.158018
-0.112868
-0.0554184
-0.116369
0.0765812
0.230131
0.243081
0.218231
0.238481
0.272031
0.327881
0.342932
0.329582
0.355833
0.342083
0.310234
0.276484
0.293935
0.306786
0.308037
0.295888
0.171739
0.11929
0.0102408
-0.065408
-0.0827567
-0.0974053
0.0223461
0.102098
0.0563492
0.102001
0.177253
0.248304
0.291956
0.225908
0.21726
0.214012
0.228964
0.213717
0.218769
0.195021
0.192774
0.200926
0.219979
0.240431
0.170184
0.005337
-0.0748101
-0.0495572
-0.0866042
-0.0988511
0.00310203
0.107255
0.125309
0.144962
0.158515
0.175869
0.200722
0.200876
0.23563
0.244484
0.259437
0.259091
0.320545
0.256699
0.286954
0.474208
0.480262
0.412016
0.331171
0.427225
0.52908
0.569035
0.540689
0.428944
0.377099
0.321854
0.306309
0.309364
0.363319
0.362474
0.38893
0.735785
0.58104
0.470496
0.385552
0.497107
0.589163
0.566319
0.478875
0.453731
0.437487
0.397243
0.318799
0.337255
0.351311
0.322068
0.297524
0.352581
0.456737
0.457394
0.34715
0.326607
0.313964
0.305721
0.323178
0.346535
0.318692
0.26285
0.254407
0.241464
0.246222
0.280979
0.307037
0.305594
0.248552
0.17881
0.126468
0.170826
0.131684
0.0809417
0.0862998
0.074158
-0.00108368
0.121875
0.0670331
0.0171916
0.0422502
0.0961088
0.113768
0.0709263
0.0926852
0.0671441
0.0761031
0.0541622
0.0553213
0.0930806
0.16294
0.100599
0.0223586
-0.0263819
-0.0789223
-0.109063
-0.0557029
-0.0920432
-0.180983
-0.187623
-0.201063
-0.244203
-0.330843
-0.389283
-0.325723
-0.367262
-0.397402
-0.422541
-0.351981
-0.32012
-0.313859
-0.291399
-0.273438
-0.276777
-0.283316
-0.251655
-0.288694
-0.432032
-0.434771
-0.40701
-0.428448
-0.426587
-0.425725
-0.438564
-0.396002
-0.32734
-0.284678
-0.204016
-0.224254
-0.279692
-0.29163
-0.312168
-0.284606
-0.267643
-0.252181
-0.264618
-0.256856
-0.247993
-0.22583
-0.196368
-0.251805
-0.379142
-0.383579
-0.332616
-0.269553
-0.206189
-0.187626
-0.169263
-0.126299
-0.133136
-0.106772
-0.118709
-0.043545
0.198319
0.261683
0.229247
0.175311
0.193675
0.178439
0.206103
0.178167
0.111432
0.136996
0.207861
0.342125
0.26759
0.150454
0.189119
0.123984
0.064649
0.014614
0.0441791
0.157344
0.130309
0.171475
0.23244
0.264405
0.234571
0.185537
0.248902
0.330268
0.359934
0.3326
0.308065
0.316031
0.300497
0.338764
0.40633
0.358596
0.355962
0.319929
0.194195
0.165662
0.177129
0.197795
0.152362
0.247529
0.341096
0.316363
0.30513
0.350297
0.355564
0.351632
0.374199
0.414066
0.533934
0.547301
0.508769
0.479637
0.586804
0.616872
0.59554
0.505608
0.498376
0.505544
0.135113
-0.0612191
0.0235493
0.0892177
0.0505862
0.211755
0.344523
0.402492
0.456061
0.66423
0.724199
0.766968
0.791337
0.781806
0.747875
0.707344
0.684414
0.639983
0.639753
0.644722
0.656992
0.519361
0.438631
0.392401
0.310771
0.274441
0.263111
0.172181
0.112551
0.186422
0.301692
0.361362
0.422633
0.444704
0.463474
0.494445
0.479716
0.404486
0.406757
0.384028
0.403799
0.418071
0.423442
0.468113
0.523184
0.526356
0.464327
0.525499
0.522871
0.473742
0.448814
0.330486
0.274658
0.36993
0.467302
0.612174
0.633546
0.626918
0.546691
0.589363
0.566936
0.559508
0.534581
0.537554
0.492126
0.501999
0.495672
0.520845
0.470118
0.473091
0.471965
0.453538
0.387711
0.198985
0.225658
0.259132
0.289105
0.461979
0.611553
0.360027
0.3703
0.409074
0.371448
0.394423
0.420297
0.460671
0.465445
0.45492
0.461394
0.457969
0.465044
0.443618
0.419093
0.406368
0.384643
0.384318
0.343993
0.351868
0.709043
0.742118
0.715794
0.715869
0.703645
0.68552
0.693496
0.679972
0.584447
0.632223
0.636699
0.616075
0.597951
0.624927
0.628503
0.66118
0.703256
0.740532
0.722609
0.702286
0.658162
0.560939
0.425916
0.439992
0.472269
0.701046
0.669423
0.585501
0.540178
0.567155
0.582332
0.60091
0.603987
0.610865
0.564142
0.49252
0.510598
0.462476
0.479854
0.434632
0.44631
0.471388
0.517066
0.531344
0.450923
0.421301
0.28458
0.122858
0.107137
0.186115
0.524494
0.559173
0.486252
0.428831
0.45511
0.480889
0.445768
0.475248
0.483427
0.502806
0.554486
0.507665
0.508645
0.470025
0.471304
0.500284
0.555464
0.586644
0.625924
0.901004
0.620285
0.504165
0.568445
0.504426
0.437606
0.379887
0.449767
0.534348
0.617129
0.64861
0.65509
0.696071
0.700552
0.684834
0.667615
0.627996
0.624577
0.619059
0.61294
0.639322
0.633803
0.520485
0.379167
0.394449
0.387431
0.400813
0.420395
0.436577
0.508259
0.641941
0.690324
0.702506
0.646689
0.622471
0.680954
0.641536
0.650219
0.591702
0.571885
0.573268
0.580351
0.542534
0.455517
0.3542
0.328884
0.288167
0.461151
0.540834
0.373018
0.396702
0.672285
0.789469
0.801553
0.768637
0.749121
0.789105
0.819089
0.817074
0.826758
0.812442
0.821327
0.836311
0.820096
0.808781
0.824666
0.81875
0.833635
0.77702
0.721405
0.58089
0.447376
0.461761
0.603946
0.556232
0.497917
0.556803
0.692388
0.737174
0.74806
0.783646
0.813231
0.843717
0.775603
0.81999
0.838476
0.781962
0.811848
0.890835
0.855121
0.736608
0.683094
0.604481
0.615068
0.588555
0.472542
0.444029
0.403216
0.467303
0.53779
0.631677
0.731465
0.787852
0.829439
0.858227
0.824615
0.819202
0.79239
0.737078
0.730666
0.835054
0.769742
0.73693
0.626218
0.499606
0.390195
0.322683
0.344972
0.18806
-0.139651
-0.0443626
0.0325262
0.038915
0.108404
0.253493
0.377982
0.442471
0.46626
0.46675
0.465539
0.451428
0.461218
0.458907
0.447497
0.429787
0.401876
0.381366
0.334556
0.345246
0.320036
0.269526
0.141816
0.0556066
0.00979698
0.100287
0.386578
0.508068
0.506259
0.44515
0.44544
0.425731
0.423022
0.409913
0.425904
0.423595
0.390487
0.382978
0.383569
0.33206
0.340452
0.367044
0.407035
0.322027
0.204219
0.0248104
0.00410229
-0.184306
-0.247214
-0.252322
-0.242129
-0.151637
-0.0934448
-0.0572524
-0.0531599
0.0320326
0.0131252
0.0148179
-0.0163893
-0.0230965
-0.0589036
-0.0964106
-0.126218
-0.102724
-0.0953313
-0.107438
-0.135845
-0.267851
-0.327458
-0.352564
-0.299971
-0.254677
-0.186383
-0.185789
-0.211496
-0.0354016
0.0140925
0.0397866
0.0183808
0.016775
0.0900694
0.105164
0.105658
0.141153
0.184447
0.162742
0.133137
0.137932
0.127827
0.149922
0.172617
0.136712
0.0167068
-0.0319979
-0.0767026
-0.0376072
0.0212883
0.0690838
0.0105794
-0.0671249
-0.0928291
-0.0110333
0.0491626
0.0903586
0.0602546
0.0126507
-0.0278531
0.00314314
-0.00396053
-0.0212641
-0.0201677
-0.0673711
0.00432548
0.0366222
0.160319
0.251516
0.336513
0.38191
0.347307
0.345204
0.347001
0.340298
0.316096
0.321493
0.37039
0.497488
0.568786
0.636283
0.681681
0.659979
0.637877
0.595875
0.628873
0.640671
0.627369
0.634467
0.611266
0.630964
0.608562
0.615861
0.61106
0.528158
0.495657
0.405056
0.439255
0.430354
0.443153
0.536152
0.644051
0.71205
0.72105
0.742449
0.755148
0.721248
0.683748
0.644347
0.589647
0.615847
0.648547
0.684547
0.719947
0.752947
0.794347
0.680047
0.558448
0.520148
0.701748
0.679649
0.64315
0.57485
0.584351
0.598952
0.593753
0.582854
0.597155
0.540656
0.467957
0.329758
0.20896
0.194761
0.120862
0.103364
0.0523655
-0.0496328
-0.0832311
-0.0648292
0.0184727
0.0621746
0.0331767
-0.0300212
-0.00531907
0.0396832
-0.0489145
-0.00211211
-0.15251
-0.171307
-0.126105
-0.124302
-0.0355991
-0.0126963
0.0196066
0.0847096
0.0745126
0.121416
0.164719
0.157322
0.157125
0.147929
0.159632
0.167336
0.215539
0.175443
-0.0157531
-0.244649
-0.406545
-0.423041
-0.571537
-0.623133
-0.597629
-0.200525
-0.0782206
-0.000116201
-0.0338117
-0.0274072
-0.00710261
0.0245021
0.0312068
0.0349116
0.0458165
0.0415215
0.0200265
-0.00376839
-0.0265632
-0.021958
0.0421473
0.0274527
-0.0552418
-0.0280363
-0.0847307
-0.189425
-0.199419
-0.312913
-0.289908
-0.135802
-0.121796
-0.174289
-0.203083
-0.236177
-0.186571
-0.161664
-0.142458
-0.153651
-0.194045
-0.191338
-0.179931
-0.172725
-0.189518
-0.184111
-0.139004
-0.192897
-0.210589
-0.291982
-0.298775
-0.103867
-0.12806
-0.100952
0.00445515
0.278063
0.516871
0.545478
0.546486
0.511394
0.448002
0.30801
0.292819
0.259927
0.259735
0.267343
0.281752
0.27646
0.361169
0.434778
0.493486
0.541195
0.589204
0.587413
0.493622
0.358431
0.32164
0.40335
0.375959
0.363568
0.387778
0.0298873
-0.227503
-0.0261934
0.00601634
0.0156262
-0.00226396
0.021746
0.024456
0.0415661
0.0684763
0.0688865
0.0864968
0.0261072
-0.00768232
-0.0164718
0.0054388
0.00234947
-0.0199398
0.011771
0.0205819
-0.141707
-0.174596
-0.178685
-0.101474
0.0508374
0.198249
0.35096
0.318972
0.307083
0.299195
0.395106
0.421218
0.43273
0.413142
0.390754
0.364066
0.365478
0.35309
0.323002
0.304315
0.349127
0.305539
0.231552
0.197964
0.0303772
-0.0375101
-0.0504973
-0.0147844
0.0172285
0.0289416
0.179155
0.201468
0.230681
0.285794
0.339908
0.355221
0.395935
0.344448
0.327562
0.354276
0.34559
0.344603
0.347717
0.359031
0.366545
0.39416
0.358774
0.308088
0.285603
0.286017
0.277432
0.233446
0.180461
0.153876
0.18079
0.224405
0.15992
0.206435
0.27005
0.357365
0.386481
0.371196
0.367411
0.361727
0.404042
0.394758
0.390474
0.406589
0.404605
0.322321
0.197437
0.127753
0.160469
0.0990853
0.0533015
0.258818
0.318234
0.316751
0.311567
0.317484
0.3021
0.299617
0.322734
0.322751
0.318868
0.318185
0.308602
0.290719
0.238136
0.187554
0.211271
0.234088
0.174006
0.120624
0.0374412
-0.0207411
0.0252767
-0.00830539
-0.0480874
-0.0778694
-0.0910513
-0.0958332
-0.0904149
-0.0535966
0.0479217
0.0857402
0.0447587
0.0632773
0.097996
0.109215
0.117833
0.120552
0.120071
0.15249
0.180909
0.208829
0.230048
0.236767
0.230787
0.157306
0.0118255
-0.000654946
-0.0656353
-0.106716
-0.102196
-0.102876
0.154844
0.216264
0.199884
0.232504
0.208225
0.212445
0.206065
0.196586
0.233506
0.221727
0.256347
0.272868
0.272989
0.28341
0.295431
0.280652
0.253173
0.127194
0.0092153
-0.00266339
-0.025742
-0.0812206
-0.165299
0.184823
0.230444
0.182966
0.0771877
0.17121
0.221232
0.220954
0.208076
0.189498
0.18512
0.177942
0.154865
0.163387
0.16481
0.185132
0.202055
0.198378
0.205
0.147623
0.0320462
-0.00153074
-0.00500765
0.000715507
0.0290387
0.087862
0.105685
0.0553089
-0.0732676
-0.234444
-0.28952
-0.193797
-0.0995729
-0.162849
-0.102125
-0.086401
-0.065177
-0.0430528
-0.0486286
-0.0693043
-0.0485799
-0.0304555
-0.119831
-0.241206
-0.324782
-0.308157
-0.431332
-0.409707
-0.415782
-0.453657
-0.461732
-0.377707
-0.325482
-0.281957
-0.195231
-0.101406
-0.0399803
0.0128453
0.062671
0.110397
0.121423
0.141848
0.147074
0.0874003
0.0156264
-0.0311474
-0.118921
-0.135195
-0.134069
-0.121642
-0.155716
-0.136789
-0.154462
-0.149536
-0.154709
-0.104982
-0.117255
-0.151728
-0.115801
-0.0409738
0.0285534
0.0104807
-0.0248919
-0.0177644
0.00906306
0.0351906
0.0606183
0.091846
0.0899738
0.0116017
-0.11307
-0.259542
-0.334014
-0.299986
-0.320558
-0.34883
-0.343101
-0.342973
-0.283344
-0.165416
-0.131287
-0.147758
-0.37783
-0.328101
-0.352972
-0.340443
-0.274514
-0.263284
-0.304155
-0.398826
-0.420497
-0.380367
-0.357838
-0.378008
-0.421678
-0.441949
-0.426019
-0.402489
-0.373559
-0.305229
-0.257099
-0.346269
-0.321739
-0.302608
-0.337378
-0.353748
-0.348117
-0.351586
-0.137856
-0.0467251
-0.136494
-0.142663
-0.0827325
-0.0707015
-0.0971704
-0.146639
-0.126408
-0.106677
-0.113045
-0.112314
-0.123882
-0.137051
-0.237519
-0.298287
-0.351856
-0.333624
-0.321592
-0.27926
-0.272228
-0.264496
-0.248063
-0.234031
-0.204099
-0.175866
-0.175834
-0.167801
-0.152669
-0.122336
-0.119703
-0.11867
-0.108037
-0.107004
-0.118971
-0.108338
-0.105205
-0.0920716
-0.0752382
-0.0976048
-0.126771
-0.141338
-0.170004
-0.22317
-0.175437
-0.0898027
-0.0772687
0.000965264
0.0362993
0.0728335
0.0963677
0.142002
0.168336
0.167171
0.173005
0.18454
0.163975
0.148909
0.144544
0.145379
0.161214
0.175749
0.214584
0.328019
0.347554
0.55169
0.903025
0.54736
0.643296
0.957531
0.707567
0.567003
0.541539
0.562974
0.56481
0.576246
0.528782
0.485719
0.462355
0.414191
0.400327
0.368664
0.3388
0.319537
0.304074
0.32371
0.392347
0.423484
0.459621
0.414458
0.341795
0.296332
0.263469
0.138507
0.042844
0.0912814
0.172719
0.222456
0.272094
0.275632
0.26517
0.239307
0.236945
0.231283
0.232222
0.23566
0.236698
0.219736
0.247875
0.283913
0.441051
0.52569
0.488329
0.434867
0.418206
0.487345
0.622484
0.695323
0.688762
0.590001
0.63514
0.54888
0.595919
0.617058
0.648098
0.664638
0.596977
0.596517
0.605157
0.592397
0.556036
0.530876
0.515917
0.529657
0.580097
0.597237
0.653378
0.706718
0.666258
0.679299
0.67514
0.63108
0.585021
0.462762
0.480503
0.457044
0.485685
0.496626
0.473667
0.466209
0.46905
0.455891
0.452633
0.396574
0.410016
0.412758
0.4382
0.449741
0.455383
0.363025
0.290867
0.17451
0.0582518
0.0509941
0.0312365
0.0452789
0.0676214
0.0992639
0.109107
0.104649
0.100392
0.111835
0.123078
0.128021
0.0431639
0.0890071
0.10015
0.132494
0.0654369
0.0249803
0.0352238
0.0421674
-0.024789
-0.0430453
-0.0805015
-0.127158
-0.118814
-0.0670697
-0.0254256
-0.0749815
-0.0386373
-0.052493
-0.107749
-0.147604
-0.14136
-0.144715
-0.141871
-0.124026
-0.115481
-0.170236
-0.150391
-0.168846
-0.178201
-0.153656
-0.0956109
-0.0709656
-0.0837202
-0.155975
-0.217729
-0.240584
-0.227138
-0.208292
-0.196147
-0.202801
-0.187755
-0.165509
-0.141263
-0.127717
-0.10857
-0.0758242
-0.0046778
-0.00203138
0.00701511
0.0125617
0.0176083
0.00875502
-0.0066982
-0.0102513
0.00519557
0.00884257
0.00098963
-0.0518632
-0.078416
-0.0970687
-0.103821
-0.085674
-0.103526
-0.0544789
0.00576871
0.0410164
0.109264
0.156712
0.15436
0.172108
0.197056
0.200504
0.191652
0.180901
0.170349
0.160997
0.158446
0.148094
0.138143
0.140492
0.149941
0.158089
0.144038
0.136187
0.00893641
-0.00421446
0.00193475
-0.032716
-0.0571666
-0.00671721
-0.0478677
-0.186418
-0.227369
-0.152719
-0.075269
0.0105808
-0.000569274
0.0445807
0.0624308
0.0933809
0.0935311
0.103981
0.103332
0.106782
0.127533
0.186783
0.228434
0.213885
0.207535
0.247386
0.237337
0.166888
0.134639
0.16419
0.197841
0.245293
0.273544
0.284196
0.275547
0.259599
0.23945
0.237402
0.225854
0.215906
0.224157
0.217309
0.193161
0.197714
0.220066
0.223218
0.19117
0.138323
0.108975
0.166128
0.123581
0.0993332
0.099586
0.257539
0.225392
0.383445
0.436598
0.425751
0.450204
0.456557
0.463711
0.404964
0.344618
0.319471
0.325725
0.317279
0.332032
0.314486
0.32834
0.357994
0.338748
0.323702
0.296356
0.302511
0.326365
0.328719
0.330974
0.333429
0.368783
0.364238
0.322693
0.234647
0.187402
0.196857
0.204712
0.221768
0.206323
0.217978
0.233733
0.251089
0.284444
0.2993
0.300755
0.296611
0.262367
0.281723
0.298979
0.297635
0.294491
0.264847
0.308003
0.0999593
0.0744157
0.0733721
-0.0611714
-0.238615
-0.371858
-0.382502
-0.327145
-0.326288
-0.357931
-0.341474
-0.330017
-0.32866
-0.341603
-0.353745
-0.345088
-0.391831
-0.448773
-0.488116
-0.546358
-0.5486
-0.587243
-0.607485
-0.573527
-0.554269
-0.520311
-0.542353
-0.561094
-0.521936
-0.454978
-0.434219
-0.344761
-0.344802
-0.340644
-0.340885
-0.343526
-0.363967
-0.361608
-0.32605
-0.37479
-0.405931
-0.417072
-0.436013
-0.451354
-0.459494
-0.481435
-0.489375
-0.503615
-0.463056
-0.424296
-0.437936
-0.408976
-0.382616
-0.336256
-0.293596
-0.268836
-0.267776
-0.276915
-0.261955
-0.272294
-0.276434
-0.278773
-0.298513
-0.345652
-0.367791
-0.40263
-0.460169
-0.472408
-0.471647
-0.454886
-0.443224
-0.449463
-0.478602
-0.46854
-0.449179
-0.432517
-0.409355
-0.376294
-0.350132
-0.35727
-0.362508
-0.366646
-0.375184
-0.382621
-0.372659
-0.360697
-0.346334
-0.332572
-0.339409
-0.354047
-0.357884
-0.409621
-0.426358
-0.437196
-0.416333
-0.38637
-0.398506
-0.324143
-0.13838
-0.141217
-0.165653
-0.21059
-0.204226
-0.206963
-0.199799
-0.222935
-0.230171
-0.240707
-0.255043
-0.255079
-0.244915
-0.210051
-0.213387
-0.185422
-0.172258
-0.137994
-0.287329
-0.337264
-0.3613
-0.321235
-0.20557
-0.218205
-0.15084
-0.143875
-0.13781
-0.124445
-0.13238
-0.146814
-0.142049
-0.143583
-0.135218
-0.121052
-0.104987
-0.0855208
-0.0740549
-0.037289
-0.0111231
0.00214298
0.0536091
0.0960753
0.153342
0.165708
0.212974
0.283241
0.272807
0.317474
0.364341
0.362207
0.354274
0.344641
0.308208
0.290975
0.290942
0.293509
0.281577
0.280244
0.286711
0.304579
0.312646
0.320214
0.342682
0.33685
0.354717
0.346285
0.267053
0.290121
0.287689
0.330758
0.362026
0.345494
0.349763
0.330331
0.3046
0.285268
0.269737
0.272806
0.279874
0.275643
0.283112
0.283181
0.287951
0.29932
0.303089
0.293958
0.295128
0.317697
0.350367
0.372936
0.343006
0.314376
0.316846
0.334916
0.345585
0.347856
0.353326
0.341996
0.315266
0.302836
0.276407
0.276577
0.270548
0.256118
0.267989
0.26686
0.267331
0.270702
0.302573
0.308344
0.263615
0.256286
0.258857
0.287729
0.2789
0.304471
0.307343
0.340415
0.361086
0.379858
0.34843
0.315902
0.301274
0.281746
0.253818
0.23599
0.208862
0.180535
0.163207
0.148079
0.158952
0.168125
0.173997
0.20667
0.213443
0.213916
0.228089
0.176762
0.186935
0.184308
0.180381
0.211555
0.241428
0.249402
0.245475
0.234349
0.219922
0.214996
0.19417
0.186444
0.161818
0.158392
0.145066
0.12764
0.134614
0.135089
0.161863
0.183438
0.206512
0.198987
0.159661
0.185036
0.189811
0.147786
0.111661
0.172936
0.296211
0.434686
0.415561
0.306637
0.318512
0.301788
0.283463
0.270739
0.247814
0.20739
0.187066
0.164742
0.163818
0.167294
0.20527
0.257346
0.265423
0.305199
0.299975
0.306452
0.339828
0.252405
0.207482
0.192058
0.261235
0.297712
0.304089
0.281066
0.235143
0.26572
0.283098
0.325275
0.277852
0.27953
0.290307
0.256585
0.263463
0.28264
0.291518
0.284296
0.240474
0.200852
0.21803
0.216008
0.208687
0.207465
0.197743
0.207222
0.2501
0.290579
0.282958
0.264736
0.253515
0.243994
0.233373
0.238552
0.220131
0.21141
0.21689
0.213669
0.241948
0.261828
0.267607
0.296987
0.342867
0.315246
0.197926
0.236206
0.248486
0.277266
0.281746
0.319926
0.329307
0.348487
0.358067
0.367948
0.392928
0.371209
0.35999
0.35737
0.346251
0.358632
0.383713
0.384694
0.380275
0.382456
0.387738
0.362019
0.3927
0.459882
0.495163
0.503545
0.489226
0.495308
0.51139
0.557472
0.561354
0.498236
0.509618
0.5017
0.508382
0.508965
0.497947
0.51683
0.519212
0.516195
0.501077
0.49316
0.478443
0.491426
0.510809
0.612792
0.601175
0.549958
0.654341
0.554225
0.558108
0.554192
0.536075
0.468059
0.458142
0.451626
0.43881
0.425494
0.417778
0.405562
0.357346
0.33363
0.355914
0.346999
0.362083
0.359468
0.349852
0.324537
0.331721
0.387206
0.375091
0.347676
0.351461
0.375746
0.262631
0.232716
0.280101
0.258487
0.239872
0.245757
0.236143
0.210529
0.0723143
0.0802
0.112286
0.122272
0.164658
0.136944
0.0468298
-0.00268404
-0.0150978
-0.0550115
-0.0655251
-0.0752386
-0.115052
-0.117166
-0.129679
-0.136892
-0.146305
-0.158318
-0.179031
-0.183744
-0.207957
-0.22827
-0.231883
-0.243896
-0.251108
-0.262521
-0.276933
-0.285746
-0.286858
-0.28707
-0.278182
-0.271795
-0.287707
-0.298619
-0.30333
-0.298942
-0.289054
-0.287566
-0.280177
-0.272489
-0.2785
-0.211912
-0.270023
-0.281234
-0.264446
-0.266657
-0.268768
-0.274679
-0.27029
-0.2593
-0.271111
-0.279022
-0.286932
-0.282343
-0.272053
-0.267164
-0.257574
-0.253384
-0.244895
-0.229305
-0.202215
-0.185625
-0.128435
-0.0745445
-0.0617543
-0.041464
0.0560264
0.0786169
0.0946074
0.155498
0.199589
0.224479
0.17937
0.176461
0.176152
0.155143
0.155034
0.136425
0.149517
0.146708
0.118999
0.128991
0.163982
0.130774
0.0949655
0.0755572
0.244049
-0.0810591
-0.105867
-0.0939751
-0.035083
-0.00679083
0.0250014
0.0396937
0.0591861
0.0655785
0.0697711
0.123764
0.117756
0.119349
0.127342
0.111435
0.100328
0.0865207
0.0456138
0.044307
0.00680023
-0.148606
-0.205813
-0.24662
-0.154726
-0.310233
-0.304439
-0.287845
-0.254151
-0.204757
-0.0659635
0.0350305
0.120625
0.0785188
0.055413
0.0553073
0.0832017
0.135896
0.123891
0.0352853
-0.01632
-0.0310253
-0.10903
-0.128136
-0.0859407
-0.0786457
-0.139151
-0.203255
-0.18786
-0.241865
-0.293269
-0.256374
-0.231779
-0.269383
-0.264387
-0.234392
-0.190896
-0.1766
-0.160404
-0.150108
-0.144612
-0.138716
-0.159319
-0.150123
-0.146927
-0.14723
-0.145934
-0.139637
-0.12214
-0.0968437
-0.0507469
-0.0738501
-0.0237531
0.0538439
0.058141
0.0889382
0.0977354
0.0917327
0.0547301
0.125228
0.101825
0.0466226
0.0336203
0.043618
0.0411158
0.0121137
0.00511166
0.0250097
0.0421078
0.0478059
0.0677042
0.0634025
0.0684008
0.0780993
0.116698
0.150996
0.205195
0.197394
0.234293
0.261791
0.30679
0.317289
0.333789
0.364788
0.374387
0.365286
0.359186
0.341885
0.346685
0.349784
0.350684
0.357484
0.350583
0.353683
0.361383
0.391383
0.443483
0.501483
0.515184
0.525784
0.535484
0.549385
0.556885
0.565086
0.589187
0.597587
0.620788
0.605089
0.59519
0.579191
0.559192
0.576593
0.546894
0.531096
0.531797
0.541298
0.5346
0.498002
0.473103
0.454705
0.453907
0.470009
0.460511
0.474013
0.477915
0.508017
0.541619
0.567921
0.584724
0.625926
0.654529
0.591531
0.577834
0.585637
0.554739
0.508242
0.496545
0.457948
0.427451
0.404255
0.378458
0.373261
0.378464
0.370768
0.399671
0.417475
0.444379
0.464282
0.507986
0.50339
0.486194
0.495198
0.427602
0.421306
0.43951
0.455515
0.449619
0.426024
0.395128
0.377333
0.348837
0.327642
0.308547
0.307252
0.278257
0.287662
0.286067
0.299972
0.332677
0.364982
0.412388
0.431193
0.423199
0.368204
0.34491
0.320616
0.360222
0.433827
0.472633
0.519239
0.502345
0.456552
0.407658
0.385964
0.38207
0.392977
0.371783
0.36769
0.341497
0.329503
0.31501
0.337817
0.334424
0.352631
0.334338
0.327645
0.285652
0.28026
0.323367
0.326375
0.361682
0.38729
0.410597
0.418005
0.373913
0.334221
0.303129
0.275237
0.238845
0.205253
0.173261
0.169869
0.202878
0.217086
0.177395
0.164703
0.214412
0.235121
0.271229
0.281238
0.293647
0.340756
0.356165
0.379574
0.393284
0.400093
0.389702
0.382112
0.347821
0.324431
0.288941
0.26025
0.22796
0.18047
0.16288
0.12219
0.1338
0.16181
0.19002
0.202031
0.223241
0.213451
0.244162
0.277072
0.241283
0.297794
0.355905
0.424916
0.454926
0.461937
0.411249
0.38716
0.214171
0.256882
0.390094
0.410905
0.411416
0.406128
0.39064
0.357251
0.349963
0.377675
0.358187
0.333699
0.340011
0.291223
0.232635
0.220248
0.31216
0.410773
0.373885
0.313098
0.26881
0.265923
0.304536
0.284549
0.246662
0.204075
0.179388
0.182301
0.159414
0.124527
0.136341
0.123454
0.146168
0.158281
0.163995
0.183409
0.197022
0.213236
0.18485
0.187964
0.175778
0.210492
0.329507
0.355521
0.361535
0.37505
0.268964
0.237879
0.224993
0.236208
0.264323
0.300638
0.354353
0.356668
0.376883
0.401298
0.421913
0.395228
0.375244
0.380259
0.413275
0.46279
0.665206
0.833922
0.730037
0.678653
0.661869
0.562985
0.501401
0.505217
0.370634
0.33835
0.304466
0.320783
0.369699
0.377216
0.350232
0.364149
0.355066
0.337183
0.3165
0.311417
0.325234
0.339151
0.373268
0.384685
0.415703
0.44042
0.474038
0.459555
0.478673
0.516191
0.520409
0.545526
0.490644
0.415362
0.35328
0.370299
0.386717
0.373535
0.372153
0.364372
0.38339
0.374309
0.361228
0.438846
0.499965
0.516284
0.455903
0.517422
0.602141
0.54046
0.561379
0.632199
0.613218
0.542437
0.505557
0.525576
0.565596
0.538416
0.514735
0.489155
0.486575
0.474995
0.468515
0.473135
0.475756
0.457976
0.456196
0.459117
0.496037
0.471458
0.499978
0.532899
0.57642
0.661041
0.794062
0.800283
0.756504
0.710225
0.664146
0.699667
0.546489
0.48041
0.521532
0.519353
0.497575
0.423197
0.400318
0.34364
0.299962
0.260784
0.277606
0.232128
0.212551
0.227873
0.229595
0.265518
0.30794
0.290863
0.310085
0.421708
0.422231
0.442154
0.512077
0.552
0.512723
0.477846
0.427469
0.396992
0.334016
0.273939
0.286063
0.276186
0.21881
0.202834
0.187857
0.175581
0.176505
0.165529
0.200053
0.248677
0.297102
0.285026
0.29235
0.282975
0.298099
0.316724
0.324848
0.322273
0.322798
0.300423
0.303648
0.331473
0.342898
0.300123
0.277548
0.238173
0.212899
0.200124
0.160949
0.143275
0.138501
0.136126
0.149852
0.175378
0.204504
0.27223
0.281756
0.241382
0.327008
0.384935
0.497861
0.537887
0.516314
0.46124
0.425667
0.403394
0.351221
0.296147
0.269574
0.222201
0.190428
0.154856
0.126083
0.09031
0.0906373
0.115165
0.121292
0.14582
0.173247
0.198375
0.197003
0.194231
0.140159
0.172087
0.339215
0.364943
0.274571
0.291099
0.238128
0.218756
0.179785
0.158413
0.128442
0.118271
0.0971993
0.0801282
0.0715571
0.0528861
0.0527151
0.0601443
0.0876735
0.120203
0.142732
0.185762
0.263491
0.237721
0.24505
0.27118
0.26161
0.22104
0.183269
0.155599
0.123629
0.13136
0.10669
0.0697201
0.0376504
0.0136809
-0.0152886
-0.161958
-0.260627
-0.259997
-0.274666
-0.373835
-0.422204
-0.443473
-0.453042
-0.444211
-0.48908
-0.492449
-0.502317
-0.553986
-0.545654
-0.535123
-0.520191
-0.472459
-0.420928
-0.409996
-0.286764
-0.270932
-0.3745
-0.425568
-0.478335
-0.498203
-0.502571
-0.507538
-0.516406
-0.512473
-0.505941
-0.505908
-0.526375
-0.559742
-0.60291
-0.580777
-0.528044
-0.55211
-0.570277
-0.478844
-0.475911
-0.469877
-0.478644
-0.49241
-0.498976
-0.512843
-0.520709
-0.532075
-0.548941
-0.554107
-0.548973
-0.559939
-0.542405
-0.536671
-0.529336
-0.516002
-0.512567
-0.536033
-0.544898
-0.537463
-0.539129
-0.514394
-0.384259
-0.312024
-0.307589
-0.286554
-0.282819
-0.272283
-0.318648
-0.342213
-0.329277
-0.349442
-0.426906
-0.45827
-0.412234
-0.338199
-0.365663
-0.361327
-0.364291
-0.289254
-0.287118
-0.276682
-0.322446
-0.359609
-0.355473
-0.377936
-0.4042
-0.423263
-0.392426
-0.274289
-0.263152
-0.257815
-0.264778
-0.271841
-0.285304
-0.288667
-0.304929
-0.301692
-0.300355
-0.303317
-0.282879
-0.198842
-0.129904
-0.123866
-0.0802281
-0.0972902
-0.120252
-0.114014
-0.0921758
-0.0790375
-0.0916992
-0.112661
-0.121522
-0.130284
-0.101245
-0.0985064
-0.108668
-0.110129
-0.10289
-0.127151
-0.134112
-0.142473
-0.142934
-0.138494
-0.117555
-0.0973155
-0.078676
-0.0929365
-0.0727969
-0.0654572
-0.0474174
-0.0124776
-0.0324377
-0.0250977
-0.0377576
-0.0444175
-0.0529773
-0.052337
-0.0586967
-0.0672563
-0.0767158
-0.0844753
-0.0880346
-0.0901939
-0.0794532
-0.0586123
-0.0738714
-0.0828305
-0.133989
-0.0654483
-0.0522071
-0.0324658
-0.0459245
-0.0450831
-0.0583416
-0.05
-0.0452584
-0.0362167
-0.052175
-0.0681331
-0.105491
-0.139549
-0.155607
-0.260065
-0.336223
-0.369381
-0.404038
-0.465296
-0.479153
-0.517411
-0.519968
-0.579826
-0.618583
-0.67694
-0.676897
-0.680754
-0.695411
-0.680468
-0.688625
-0.687081
-0.656238
-0.609295
-0.508751
-0.486008
-0.522264
-0.56112
-0.627277
-0.681233
-0.704289
-0.699245
-0.691401
-0.672857
-0.648613
-0.631968
-0.650124
-0.66448
-0.665335
-0.64889
-0.633446
-0.604201
-0.566456
-0.567012
-0.595867
-0.631822
-0.637177
-0.647132
-0.705886
-0.711141
-0.695896
-0.67885
-0.655305
-0.624359
-0.593114
-0.572568
-0.575222
-0.573776
-0.583331
-0.593485
-0.596838
-0.592192
-0.589146
-0.5692
-0.545554
-0.578007
-0.609161
-0.696414
-0.730568
-0.699421
-0.677674
-0.658227
-0.64248
-0.634433
-0.605686
-0.512839
-0.518392
-0.519545
-0.516397
-0.52555
-0.519203
-0.527555
-0.536607
-0.54706
-0.548012
-0.549064
-0.547916
-0.536268
-0.51702
-0.517272
-0.500624
-0.483476
-0.481927
-0.515279
-0.48563
-0.464982
-0.379233
-0.302985
-0.303236
-0.312987
-0.329738
-0.351289
-0.37574
-0.382991
-0.402742
-0.404093
-0.405943
-0.412494
-0.407844
-0.398495
-0.383945
-0.358696
-0.353746
-0.338196
-0.316246
-0.232696
-0.081446
-0.0695959
-0.0851457
-0.0654954
-0.0643451
-0.0765947
-0.0756442
-0.0683937
-0.0585431
-0.0641924
-0.0602416
-0.0454908
-0.0416399
-0.010689
-0.0206379
-0.0518868
-0.125336
-0.149784
-0.089933
-0.0703816
-0.0574302
-0.0477786
-0.047127
-0.0814753
-0.0373236
-0.0374717
-0.0284198
-0.0188679
0.0126842
0.0233363
0.0254885
-0.136959
-0.674607
-0.901055
-0.901402
-0.92045
-0.916197
-0.899644
-0.876791
-0.848839
-0.853686
-0.839833
-0.72338
-0.687027
-0.676173
-0.72952
-0.819867
-0.877713
-0.85866
-0.841506
-0.855453
-0.870599
-0.816345
-0.697792
-0.702038
-0.688884
-0.68743
-0.682576
-0.686221
-0.663567
-0.652513
-0.678858
-0.669704
-0.678149
-0.680995
-0.67154
-0.676885
-0.668631
-0.670776
-0.678421
-0.684766
-0.674411
-0.689055
-0.7448
-0.791845
-0.748489
-0.731534
-0.665578
-0.687723
-0.676067
-0.676311
-0.666256
-0.659
-0.670644
-0.654888
-0.656432
-0.656975
-0.654119
-0.656663
-0.645806
-0.64475
-0.622393
-0.613437
-0.61508
-0.614223
-0.591567
-0.59071
-0.581453
-0.568096
-0.557639
-0.523581
-0.497324
-0.487267
-0.490409
-0.503152
-0.465194
-0.357937
-0.331479
-0.300021
-0.286064
-0.244506
-0.231548
-0.21929
-0.208232
-0.198173
-0.179015
-0.157857
-0.126698
-0.11154
-0.0898814
-0.0547228
-0.0392641
-0.0327053
-0.0176465
-0.00358762
-0.0116287
-0.0309696
-0.0725105
-0.105451
-0.0895921
-0.0881328
-0.0746734
-0.0806139
-0.0848544
-0.0785948
-0.0956351
-0.119575
-0.146616
-0.149956
-0.130596
-0.100836
-0.0851755
-0.0520154
-0.104555
-0.114595
-0.0645344
-0.0510739
-0.0585134
-0.0684528
-0.0992921
-0.100931
-0.121571
-0.16801
-0.180949
-0.212488
-0.244727
-0.281265
-0.320104
-0.356043
-0.384581
-0.39552
-0.405158
-0.417297
-0.410135
-0.380973
-0.319712
-0.34395
-0.329788
-0.350026
-0.390064
-0.385101
-0.403439
-0.382577
-0.327614
-0.322852
-0.31859
-0.329627
-0.339264
-0.340101
-0.341139
-0.335676
-0.278213
-0.25315
-0.220587
-0.208424
-0.20116
-0.194697
-0.177334
-0.16787
-0.163907
-0.161243
-0.138179
-0.113016
-0.0916517
-0.0648878
-0.0507239
-0.0267599
0.00430425
0.0461684
0.0461327
0.023297
-0.0320386
-0.0348742
0.00309035
0.041455
0.0346196
0.0153844
0.0279492
0.0541141
0.075779
0.0983441
0.101909
0.119274
0.12914
0.153205
0.16507
0.179536
0.169301
0.169467
0.176233
0.148198
0.130564
0.09703
0.0612959
0.043462
-0.00367194
-0.0473058
-0.0753395
-0.0857732
-0.0907068
-0.11384
-0.151774
-0.171907
-0.207241
-0.215574
-0.225607
-0.22854
-0.222073
-0.188906
-0.190039
-0.172972
-0.165405
-0.134837
-0.12627
-0.145202
-0.167235
-0.155867
-0.1459
-0.145232
-0.137964
-0.128196
-0.108928
-0.10046
-0.0987922
-0.114824
-0.135256
-0.130887
-0.131019
-0.138051
-0.114582
-0.0783135
-0.0111448
0.0101239
0.00719273
-0.0399384
-0.0371694
-0.0368004
-0.0331313
-0.0195621
-0.000292899
0.0322764
0.0296458
0.0210152
0.0131848
0.0319544
0.095724
0.181694
0.197664
0.204433
0.196803
0.0922734
0.0229435
0.0387137
0.049084
0.0526543
0.0287246
0.0456951
0.00946562
-0.0720638
-0.0942931
-0.142322
-0.141152
-0.174981
-0.21011
-0.198439
-0.156468
-0.126796
-0.0869252
-0.118754
-0.113883
-0.144111
-0.14624
-0.146568
-0.168396
-0.189525
-0.168753
-0.165681
-0.154809
-0.141137
-0.118665
-0.100993
-0.0785204
-0.0575481
-0.0360757
0.0120968
0.0513693
0.0606419
0.0545145
-0.0243127
-0.0186399
-0.00316704
0.0410059
0.0363789
0.035852
-0.00327481
0.00929842
0.0137717
0.0108451
0.0225186
0.00999208
0.0309657
0.0227393
0.00411308
0.000486882
0.0366608
0.0570347
0.0764087
0.120183
0.205957
0.212631
0.201306
0.19088
0.199754
0.195929
0.200403
0.193778
0.185653
0.238428
0.281603
0.278278
0.286753
0.271428
0.277603
0.279778
0.274253
0.253429
0.261804
0.27838
0.267355
0.269931
0.268207
0.284182
0.285058
0.275334
0.30611
0.270786
0.222363
0.194639
0.176015
0.140791
0.117568
0.0779444
0.080021
0.0564977
0.0264744
0.0225512
0.0297281
0.040405
0.0444821
0.0667592
0.126636
0.145714
0.0841908
0.102268
0.136446
0.129723
0.173901
0.181078
0.174256
0.167634
0.143212
0.16499
0.145768
0.146346
0.149824
0.122302
0.0519806
-0.041841
-0.0731626
-0.0965841
-0.102205
-0.105327
-0.115848
-0.115269
-0.12149
-0.101511
-0.0487324
-0.0172534
0.0593258
0.070605
0.0693843
0.0441637
0.0284431
0.0389227
0.0106023
-0.0210181
-0.0320384
-0.0554586
-0.0927787
-0.103699
-0.0879187
-0.0602386
-0.00235848
0.0496218
0.0693021
0.0687824
0.0636629
0.0758434
0.086924
0.0813046
0.0639854
0.0531662
0.056447
0.069628
0.066009
0.0796901
0.0637712
0.0495525
0.0360338
0.00731514
0.0355966
0.0448781
0.0164597
-0.00105866
-0.0144769
-0.0405951
-0.0515133
-0.0582313
-0.0700493
-0.0784672
-0.0991851
-0.105703
-0.0956205
-0.0485382
-0.0119557
0.00392679
0.00940937
0.00249203
-0.0112252
-0.0166424
-0.0315596
-0.0409766
-0.0468936
-0.0631105
-0.0563274
-0.0254442
-0.0435609
-0.0421775
-0.043394
-0.0272105
-0.0507269
-0.0543433
-0.0427596
-0.0546758
-0.0589919
-0.064808
-0.0609239
-0.0515399
-0.0180557
0.00372852
0.0119128
-0.00340281
-0.0128184
-0.0237339
-0.0508493
-0.0477646
-0.0164799
0.151705
0.16699
0.189975
0.17446
0.115545
0.06293
0.0758152
0.0404005
0.0549858
0.0744713
-0.00764321
-0.105158
-0.106972
-0.109986
-0.1399
-0.168615
-0.136729
-0.140043
-0.163457
-0.18147
-0.221684
-0.232198
-0.248712
-0.262825
-0.292739
-0.300952
-0.345065
-0.320079
-0.278892
-0.338505
-0.415418
-0.461231
-0.499544
-0.512957
-0.51437
-0.520582
-0.527695
-0.525907
-0.54482
-0.556832
-0.582545
-0.595757
-0.607369
-0.607581
-0.639593
-0.658905
-0.644117
-0.676129
-0.715841
-0.721953
-0.702764
-0.692676
-0.688987
-0.686899
-0.58401
-0.570421
-0.570433
-0.552444
-0.527555
-0.525766
-0.522677
-0.592588
-0.572098
-0.571309
-0.55442
-0.62643
-0.621541
-0.618751
-0.606861
-0.605272
-0.612082
-0.624292
-0.596302
-0.442612
-0.428722
-0.432032
-0.422742
-0.453951
-0.451561
-0.459471
-0.45078
-0.46219
-0.453899
-0.464408
-0.461117
-0.448427
-0.452036
-0.446245
-0.450153
-0.388862
-0.380471
-0.41638
-0.358788
-0.280297
-0.263606
-0.328614
-0.352922
-0.370631
-0.408239
-0.401847
-0.380955
-0.390863
-0.385671
-0.400879
-0.403687
-0.410894
-0.402602
-0.390009
-0.387817
-0.391824
-0.381332
-0.379939
-0.370646
-0.345553
-0.31986
-0.322567
-0.325874
-0.301481
-0.206488
-0.186895
-0.195401
-0.201908
-0.201414
-0.216121
-0.228027
-0.241033
-0.26014
-0.258246
-0.271252
-0.280758
-0.292164
-0.29617
-0.283175
-0.280681
-0.263187
-0.254392
-0.216898
-0.171903
-0.161609
-0.128314
-0.0989191
0.0213757
0.0823706
0.0947657
0.0686607
0.0503559
0.0441511
0.0423464
0.0388417
0.0400372
0.0222327
-0.0433718
-0.0808761
-0.21208
-0.181185
-0.229489
-0.496893
-0.640297
-0.687401
-0.713605
-0.737608
-0.724812
-0.728416
-0.732219
-0.716023
-0.685126
-0.64473
-0.715633
-0.687036
-0.595339
-0.583242
-0.586145
-0.580848
-0.597451
-0.591754
-0.577057
-0.573259
-0.569062
-0.574564
-0.579767
-0.547269
-0.559571
-0.546874
-0.354476
-0.302278
-0.29708
-0.291682
-0.289484
-0.265885
-0.241087
-0.224389
-0.20459
-0.187892
-0.184393
-0.149695
-0.151696
-0.175597
-0.229498
-0.289599
-0.3445
-0.352501
-0.366802
-0.332903
-0.346504
-0.355904
-0.361105
-0.375805
-0.403406
-0.473406
-0.494506
-0.490107
-0.498907
-0.560607
-0.604607
-0.642407
-0.667607
-0.643806
-0.659506
-0.653906
-0.656405
-0.655805
-0.653104
-0.642604
-0.632503
-0.645902
-0.639301
-0.6285
-0.621399
-0.610098
-0.607997
-0.619596
-0.617095
-0.603593
-0.593692
-0.58409
-0.578089
-0.594887
-0.592486
-0.586384
-0.578182
-0.59288
-0.602678
-0.610576
-0.615374
-0.610572
-0.598869
-0.585467
-0.574264
-0.553162
-0.545259
-0.534057
-0.547954
-0.555051
-0.572748
-0.584346
-0.607743
-0.627539
-0.638636
-0.641333
-0.63523
-0.640626
-0.639523
-0.63002
-0.599416
-0.618912
-0.597609
-0.601705
-0.589001
-0.577497
-0.567193
-0.575089
-0.572585
-0.574181
-0.569076
-0.567872
-0.575668
-0.573263
-0.575759
-0.571654
-0.562749
-0.555344
-0.53784
-0.499235
-0.49423
-0.477625
-0.445519
-0.429714
-0.444909
-0.466704
-0.462198
-0.461593
-0.469187
-0.462782
-0.459876
-0.44857
-0.448364
-0.435258
-0.419252
-0.412846
-0.39554
-0.385734
-0.382328
-0.349021
-0.333415
-0.306808
-0.277502
-0.266395
-0.257288
-0.201082
-0.195575
-0.194068
-0.196961
-0.189354
-0.177747
-0.175839
-0.173832
-0.176525
-0.163517
-0.14821
-0.143102
-0.142395
-0.134587
-0.114579
-0.107271
-0.0813635
-0.0672555
-0.0403475
0.00806067
0.0669689
0.0585771
0.0624855
0.0947939
0.118702
0.114911
0.0968196
0.0396283
0.0433371
0.0730459
0.0679548
0.0614638
0.0655729
0.066082
0.0694912
0.00920051
-0.0111901
-0.0105807
-0.00217124
0.0846383
0.095548
0.0919577
0.0617674
0.103077
0.120287
0.164797
0.101007
0.0366174
0.0860276
0.0338378
-0.0311518
-0.0614414
-0.0830309
-0.11892
-0.14451
-0.114999
-0.0407882
-0.0594774
-0.0370665
-0.0442555
-0.0322444
-0.0390333
7.79063e-05
0.0726892
0.115801
0.0665119
0.0498234
-0.00256501
-0.0426534
-0.0416417
-0.0458299
-0.0358181
-0.0675062
-0.107294
-0.134882
-0.13267
-0.127058
-0.164546
-0.152533
-0.0889207
-0.0641083
-0.0709957
-0.0988831
-0.13487
-0.162158
-0.192145
-0.161932
-0.174419
-0.146506
-0.147293
-0.110779
-0.0958662
-0.111353
0.00456056
0.027074
-0.0255124
-0.0231988
-0.0408851
-0.0588713
-0.0790575
-0.0895435
-0.10383
-0.122616
-0.146201
-0.164087
-0.203073
-0.210459
-0.192744
-0.22743
-0.269715
-0.3198
-0.342386
-0.344971
-0.352556
-0.367741
-0.361326
-0.346011
-0.345296
-0.362181
-0.394366
-0.40275
-0.408235
-0.421419
-0.441404
-0.443088
-0.443473
-0.458057
-0.465341
-0.469125
-0.478109
-0.500293
-0.483777
-0.493461
-0.517844
-0.511928
-0.515812
-0.531295
-0.512279
-0.475362
-0.449445
-0.464628
-0.453012
-0.441295
-0.454878
-0.440361
-0.449044
-0.451926
-0.464609
-0.479892
-0.459774
-0.441357
-0.434939
-0.431322
-0.446304
-0.446186
-0.478568
-0.52315
-0.528832
-0.515114
-0.532896
-0.530178
-0.53366
-0.537042
-0.552223
-0.560705
-0.570986
-0.516367
-0.538649
-0.50943
-0.490311
-0.477592
-0.476973
-0.481054
-0.469935
-0.482016
-0.478697
-0.473077
-0.464258
-0.451538
-0.462319
-0.455599
-0.45328
-0.47586
-0.47664
-0.46202
-0.4266
-0.34688
-0.35456
-0.36394
-0.372519
-0.389799
-0.395579
-0.399258
-0.400338
-0.399817
-0.402196
-0.409776
-0.406855
-0.411534
-0.408413
-0.410992
-0.405071
-0.394349
-0.386428
-0.387407
-0.377585
-0.342464
-0.304142
-0.278121
-0.287499
-0.315077
-0.313056
-0.298134
-0.110912
-0.11919
-0.156767
-0.168445
-0.176323
-0.192001
-0.179478
-0.162256
-0.152133
-0.138311
-0.112188
-0.0525652
0.0169577
0.0599806
0.0485035
0.0347266
0.0527497
0.0558729
0.0534962
0.0643195
0.0641429
0.0408664
0.00708992
-0.0122865
-0.00876277
-0.007039
-0.0191152
-0.0249913
-0.0388673
-0.0311432
-0.0356191
-0.0352949
-0.00227067
0.00515366
0.00827806
0.0223025
0.0172271
0.0154517
0.0249764
0.0404012
0.037926
0.0161509
0.0289759
0.0412009
0.025726
0.0143512
-0.0147235
-0.0558982
-0.0691728
-0.116247
-0.120822
-0.147396
-0.16727
-0.183345
-0.186019
-0.186993
-0.179267
-0.147341
-0.160215
-0.149489
-0.125462
-0.103436
-0.0844096
-0.0680832
-0.0587566
-0.07903
-0.119203
-0.143077
-0.14495
-0.159623
-0.164496
-0.171569
-0.183942
-0.178915
-0.181187
-0.17886
-0.176533
-0.162205
-0.179878
-0.15955
-0.143422
-0.155394
-0.179867
-0.158539
-0.122111
-0.0590827
-0.0440546
-0.0229264
0.00520187
0.00233019
0.0142586
0.0308871
0.0518156
0.0483442
0.0404729
0.0617017
0.0601305
0.0554594
0.0493884
0.0390174
0.0656465
0.0600757
0.052405
0.0397343
0.0390637
0.0256932
0.0364227
0.0410523
0.058782
0.0686118
0.0704416
0.0459715
0.0499015
0.0501315
0.0249616
0.0281918
0.0387221
0.0502524
0.0518828
0.0811133
0.123044
0.142974
0.136005
0.135236
0.132167
0.141498
0.136329
0.14686
0.148691
0.147322
0.149053
0.137284
0.135616
0.135247
0.146479
0.14881
0.147742
0.147674
0.139406
0.138638
0.13997
0.137002
0.117534
0.102566
0.104398
0.0945305
0.0819629
0.0694954
0.0700279
0.0665605
0.0582932
0.047326
0.0374588
0.0190917
0.0123247
-0.0122423
-0.0261092
-0.017176
0.00525725
0.0130906
0.013624
0.0326574
0.031191
0.0140246
0.0310583
0.042292
0.0576259
0.0303597
0.0385937
0.0338278
0.0288619
0.018096
0.0183303
0.0167646
0.00599901
-0.00266652
-0.020132
-0.00299737
0.00463731
0.00997206
-0.0271931
-0.0528582
-0.0297233
-0.0244882
-0.00035311
0.0171821
0.0317173
0.0487526
0.052688
0.0175235
0.00525904
-0.00590535
-0.0373697
-0.0521339
-0.0871981
-0.109862
-0.116226
-0.11679
-0.0804541
-0.0730179
-0.0613817
-0.0477453
-0.0321089
-0.0134725
-0.0195359
-0.0142993
0.00423734
0.00377409
0.0122109
0.0275478
0.0106848
-0.0119782
-0.0425411
-0.0792039
-0.0979667
-0.124729
-0.135892
-0.143254
-0.147917
-0.166279
-0.189642
-0.162804
-0.153366
-0.143428
-0.13499
-0.114052
-0.100114
-0.0919759
-0.0879377
-0.0820994
-0.077261
-0.0627225
-0.054984
-0.0646454
-0.0608067
-0.0575679
-0.0641291
-0.11919
-0.147751
-0.158112
-0.180573
-0.194234
-0.236195
-0.244055
-0.238216
-0.236577
-0.239637
-0.243397
-0.234758
-0.226118
-0.216578
-0.207038
-0.186698
-0.172758
-0.218618
-0.209478
-0.178538
-0.128497
-0.128657
-0.192917
-0.216076
-0.254035
-0.253195
-0.273354
-0.289613
-0.294572
-0.304831
-0.32029
-0.340649
-0.337908
-0.326167
-0.370825
-0.397084
-0.418343
-0.432901
-0.433159
-0.444518
-0.441776
-0.439134
-0.439192
-0.43435
-0.417608
-0.448766
-0.461324
-0.460482
-0.45154
-0.452697
-0.442355
-0.435212
-0.42147
-0.424227
-0.420484
-0.430641
-0.432498
-0.426755
-0.422012
-0.425569
-0.420726
-0.426283
-0.42814
-0.428796
-0.437753
-0.459109
-0.503466
-0.479722
-0.408678
-0.354234
-0.348491
-0.364447
-0.372903
-0.381558
-0.383614
-0.40037
-0.406226
-0.412181
-0.406337
-0.402892
-0.388748
-0.402003
-0.396458
-0.385513
-0.377969
-0.363324
-0.291879
-0.260334
-0.227988
-0.194143
-0.180998
-0.164952
-0.157907
-0.124661
-0.0574158
0.0643299
0.0985756
0.133421
0.138567
0.130113
0.114359
-0.0917946
-0.198648
-0.175402
-0.194456
-0.22071
-0.205463
-0.192017
-0.20247
-0.173523
-0.153277
-0.14813
-0.179883
-0.221636
-0.214489
-0.231642
-0.234195
-0.254747
-0.2728
-0.272653
-0.261405
-0.274858
-0.27721
-0.275262
-0.275615
-0.277767
-0.276219
-0.282471
-0.272823
-0.277575
-0.284727
-0.289978
-0.29443
-0.317082
-0.338033
-0.377185
-0.423336
-0.495388
-0.441139
-0.41039
-0.341441
-0.314292
-0.309643
-0.301694
-0.305545
-0.305096
-0.284446
-0.285597
-0.280847
-0.265398
-0.251048
-0.240099
-0.227449
-0.225799
-0.209649
-0.203899
-0.203949
-0.202499
-0.182949
-0.164499
-0.151348
-0.124898
-0.0497476
-0.0616971
-0.0645465
-0.0495959
-0.0294451
-0.0264943
-0.0297434
-0.0441925
-0.0503415
-0.0542904
-0.0576392
-0.062088
-0.0549367
-0.0978853
-0.111634
-0.104082
-0.0843307
-0.070279
-0.0482273
-0.0227755
-0.00892362
0.0120283
0.00218036
-0.233568
-0.329915
-0.417163
-0.420511
-0.428258
-0.493506
-0.450653
-0.431701
-0.433348
-0.447495
-0.433843
-0.42489
-0.431437
-0.410284
-0.447331
-0.432578
-0.438224
-0.430971
-0.420118
-0.414164
-0.428711
-0.398957
-0.385503
-0.38315
-0.377596
-0.267742
-0.162588
-0.135934
-0.12678
-0.122226
-0.131472
-0.136717
-0.140163
-0.149508
-0.155554
-0.165099
-0.278545
-0.27569
-0.324735
-0.35258
-0.358225
-0.32047
-0.297015
-0.30116
-0.328705
-0.337849
-0.346494
-0.369039
-0.399183
-0.387028
-0.390172
-0.403416
-0.38966
-0.397804
-0.398549
-0.419593
-0.418636
-0.42968
-0.438624
-0.435268
-0.378111
-0.389155
-0.368198
-0.365042
-0.434485
-0.436128
-0.403372
-0.325615
-0.366258
-0.413101
-0.422344
-0.399487
-0.385929
-0.375172
-0.375115
-0.345757
-0.3416
-0.340242
-0.338884
-0.381727
-0.403869
-0.426211
-0.422153
-0.401395
-0.373237
-0.401579
-0.408821
-0.403762
-0.423004
-0.420845
-0.436187
-0.400128
-0.40037
-0.393311
-0.396352
-0.417193
-0.424034
-0.413775
-0.381416
-0.429557
-0.414398
-0.393139
-0.371079
-0.34022
-0.34156
-0.420101
-0.452741
-0.460881
-0.471421
-0.451962
-0.428402
-0.452942
-0.481581
-0.471321
-0.444361
-0.431501
-0.42114
-0.41258
-0.402119
-0.428559
-0.447798
-0.469238
-0.490177
-0.492316
-0.487355
-0.474294
-0.465633
-0.459272
-0.44901
-0.433749
-0.431988
-0.425926
-0.420865
-0.419303
-0.410642
-0.40478
-0.409418
-0.394456
-0.389794
-0.396932
-0.37387
-0.379708
-0.391746
-0.392683
-0.388121
-0.400559
-0.446596
-0.429934
-0.430171
-0.432908
-0.439245
-0.441982
-0.43362
-0.419057
-0.419493
-0.42643
-0.429367
-0.424304
-0.42944
-0.426277
-0.426913
-0.42655
-0.428086
-0.424222
-0.424659
-0.428295
-0.421631
-0.421267
-0.415403
-0.417139
-0.427274
-0.44241
-0.445246
-0.450281
-0.458317
-0.460952
-0.465588
-0.461323
-0.457958
-0.448093
-0.441628
-0.434063
-0.461798
-0.496933
-0.511968
-0.487402
-0.511637
-0.515972
-0.515306
-0.498241
-0.481375
-0.467209
-0.459643
-0.479378
-0.488512
-0.487546
-0.483779
-0.478413
-0.484447
-0.502081
-0.511914
-0.456848
-0.448681
-0.509015
-0.525948
-0.536082
-0.522915
-0.496048
-0.492181
-0.479714
-0.470847
-0.44778
-0.404812
-0.402145
-0.389178
-0.37551
-0.368843
-0.365575
-0.354008
-0.31794
-0.299072
-0.291704
-0.313136
-0.305968
-0.2849
-0.281732
-0.280264
-0.275896
-0.255027
-0.218459
-0.16529
-0.112022
-0.086753
-0.0795843
-0.255916
-0.343347
-0.343678
-0.336309
-0.32444
-0.30587
-0.273701
-0.266732
-0.256163
-0.245493
-0.251824
-0.267154
-0.269384
-0.286815
-0.293545
-0.286075
-0.277505
-0.288235
-0.331365
-0.448795
-0.459225
-0.481954
-0.474484
-0.462414
-0.450143
-0.409573
-0.373702
-0.378131
-0.37806
-0.368289
-0.360019
-0.345048
-0.335076
-0.329205
-0.333134
-0.333863
-0.329491
-0.33382
-0.324749
-0.316377
-0.315305
-0.322434
-0.317062
-0.27799
-0.224518
-0.176946
-0.152474
-0.145302
-0.12883
-0.104957
-0.112185
-0.131812
-0.13824
-0.148467
-0.172395
-0.181422
-0.204049
-0.208276
-0.202803
-0.22333
-0.232657
-0.239684
-0.241011
-0.241338
-0.231964
-0.237191
-0.276017
-0.291344
-0.28687
-0.302496
-0.309423
-0.319449
-0.319275
-0.310401
-0.315027
-0.312353
-0.314578
-0.320004
-0.30773
-0.299755
-0.300681
-0.290706
-0.296632
-0.301157
-0.294082
-0.293107
-0.296232
-0.317857
-0.342982
-0.353807
-0.349032
-0.353157
-0.363581
-0.379106
-0.37863
-0.383255
-0.393179
-0.393003
-0.372028
-0.361652
-0.367876
-0.388
-0.425424
-0.424948
-0.383871
-0.381595
-0.392919
-0.395342
-0.397666
-0.399589
-0.399213
-0.403336
-0.390359
-0.386082
-0.420705
-0.434128
-0.412351
-0.395974
-0.392197
-0.39562
-0.379742
-0.384565
-0.404187
-0.41381
-0.411732
-0.406054
-0.411577
-0.416399
-0.420321
-0.415743
-0.407765
-0.390287
-0.382508
-0.36833
-0.361852
-0.368673
-0.386795
-0.413416
-0.433738
-0.434659
-0.43078
-0.398201
-0.397822
-0.384343
-0.353364
-0.335885
-0.332806
-0.333827
-0.335347
-0.334768
-0.338288
-0.334009
-0.325329
-0.32495
-0.32977
-0.32089
-0.32031
-0.31183
-0.29595
-0.30507
-0.32469
-0.307209
-0.356729
-0.330148
-0.376968
-0.403587
-0.421107
-0.163726
-0.145545
-0.141064
-0.132884
-0.131103
-0.141621
-0.14734
-0.145459
-0.154378
-0.149796
-0.143715
-0.134134
-0.126252
-0.11287
-0.0990886
-0.0764068
-0.051825
-0.0507431
-0.0525611
-0.045179
-0.0375969
-0.0209147
-0.00183238
0.02345
0.0272324
0.0230149
0.0150975
0.0480801
0.143963
0.198346
0.221228
0.206311
0.203194
0.202577
0.201561
0.222044
0.256027
0.30231
0.366494
0.323077
0.307061
0.163445
0.0637282
0.005912
-0.0233042
-0.00712023
0.00106376
-0.0231522
-0.047868
-0.0285838
0.0206005
0.0154848
0.0146692
0.0261537
0.0262383
0.0236229
0.0137076
-0.0143076
-0.284023
-0.183838
-0.146553
-0.175668
-0.206583
-0.212397
-0.171812
-0.239327
-0.267141
-0.302656
-0.35797
-0.393485
-0.455599
-0.483113
-0.460927
-0.417141
-0.355855
-0.356769
-0.369483
-0.355297
-0.328111
-0.317624
-0.310838
-0.320352
-0.317265
-0.328478
-0.319792
-0.320505
-0.373918
-0.412131
-0.431144
-0.433257
-0.43687
-0.413683
-0.405295
-0.413208
-0.403821
-0.396233
-0.375846
-0.373858
-0.33587
-0.317782
-0.307395
-0.299707
-0.299219
-0.293431
-0.293443
-0.287954
-0.270266
-0.269278
-0.299989
-0.314101
-0.316112
-0.299124
-0.321935
-0.295346
-0.292657
-0.265568
-0.240779
-0.23859
-0.259901
-0.272112
-0.282223
-0.285733
-0.321344
-0.300554
-0.306465
-0.305975
-0.295186
-0.264096
-0.243706
-0.270916
-0.270026
-0.254436
-0.248446
-0.238556
-0.214365
-0.212875
-0.167485
-0.170194
-0.165104
-0.173113
-0.192722
-0.192131
-0.188241
-0.20215
-0.203559
-0.205468
-0.201677
-0.200685
-0.208594
-0.208803
-0.201711
-0.20552
-0.207028
-0.201337
-0.197445
-0.195453
-0.193261
-0.205769
-0.203077
-0.208785
-0.236393
-0.258001
-0.258809
-0.261116
-0.258824
-0.249532
-0.248939
-0.241146
-0.237154
-0.237061
-0.211568
-0.225275
-0.234582
-0.241689
-0.246896
-0.248203
-0.252009
-0.250016
-0.249623
-0.255629
-0.244636
-0.237942
-0.229548
-0.223755
-0.218661
-0.168567
-0.176473
-0.207979
-0.227485
-0.22179
-0.218696
-0.204402
-0.195707
-0.188913
-0.181618
-0.146124
-0.162929
-0.143434
-0.148939
-0.162945
-0.13505
-0.0839545
-0.0805594
-0.0920642
-0.0961689
-0.0840736
-0.0869782
-0.0189827
0.0422129
0.0292085
0.0025042
-0.0264
-0.0463042
-0.0465083
-0.0343123
-0.0558162
-0.0684201
-0.0922239
-0.110028
-0.0481313
-0.0610349
-0.0165384
0.00905813
0.00545476
-0.000148546
-0.00345178
0.00934506
4.19707e-05
0.000838952
0.017136
0.0746331
0.0499303
0.0408276
0.0314249
0.0493223
0.0803198
0.0576174
0.060715
0.0680127
0.0651105
0.0201083
6.20523e-06
0.0247042
0.0135022
0.0230004
0.0194986
-0.0182032
0.0149952
0.00249357
0.00599205
0.0099906
0.0245892
0.0317879
0.0456867
0.0221855
0.00178443
0.0512834
0.0346825
0.0419816
0.0614808
0.02868
0.0173794
0.00147878
-0.00472174
0.0112778
-0.0103226
-0.000622872
-0.00202311
-0.000623271
-0.00902336
-0.0114234
-0.00882333
-0.0207232
-0.019723
-0.00252276
0.0184776
0.020678
-0.00772154
-0.016721
-0.000820365
0.0133803
0.0201811
0.0344819
0.0396828
0.0350838
0.0372849
0.035686
0.0219872
0.0183884
0.0160898
0.00219118
-0.000407346
0.0174942
0.0217958
0.0324975
0.00609928
0.0173011
0.028803
0.033805
0.038907
0.0420092
0.0543114
0.0576136
0.0820159
0.110418
0.0982208
0.0978234
0.099326
0.0969287
0.0926315
0.0787343
0.0793372
0.0954402
0.105543
0.100846
0.11485
0.110853
0.104056
0.0927595
0.089563
0.0906665
0.0855702
0.0818738
0.0982776
0.100081
0.103285
0.0397893
-0.0317066
-0.0493025
-0.0632983
-0.0767941
-0.0746897
-0.0841853
-0.0960809
-0.0938763
-0.0936717
-0.091367
-0.0356622
-0.0278574
-0.0372525
-0.0549475
-0.0676425
-0.0708374
-0.0782322
-0.0934269
-0.111722
-0.126516
-0.140411
-0.138905
-0.1164
-0.107294
-0.103388
-0.0968823
-0.0933764
-0.0845704
-0.0839644
-0.0459582
-0.0297521
-0.0492458
-0.0441395
-0.0454331
-0.0393266
-0.04302
-0.0424134
-0.0774067
-0.0704
-0.0767932
-0.0839863
-0.0924793
-0.104872
-0.0952651
-0.103858
-0.0999507
-0.0897433
-0.126536
-0.173828
-0.206421
-0.184613
-0.165106
-0.175498
-0.20419
-0.210782
-0.221474
-0.221066
-0.216958
-0.20825
-0.209542
-0.204633
-0.182025
-0.195516
-0.222208
-0.226999
-0.212391
-0.217082
-0.223173
-0.233264
-0.241955
-0.259046
-0.277337
-0.300128
-0.310518
-0.329509
-0.3552
-0.35199
-0.349081
-0.347171
-0.345761
-0.348452
-0.364042
-0.371132
-0.379822
-0.360012
-0.339102
-0.351492
-0.357881
-0.374871
-0.372461
-0.36645
-0.35874
-0.358429
-0.367118
-0.376208
-0.381297
-0.376186
-0.366075
-0.364464
-0.357653
-0.367442
-0.36563
-0.353719
-0.353108
-0.352196
-0.363385
-0.380873
-0.398461
-0.41025
-0.416238
-0.403126
-0.362414
-0.346402
-0.33619
-0.329378
-0.328865
-0.318653
-0.322141
-0.319828
-0.345016
-0.372903
-0.38149
-0.372478
-0.390365
-0.410052
-0.387339
-0.373126
-0.334213
-0.271299
-0.271686
-0.250373
-0.24616
-0.248146
-0.227833
-0.220319
-0.196805
-0.146991
-0.0738777
-0.0300638
-0.0173498
-0.00453576
-0.120322
-0.187107
0.0152068
0.0383211
0.0316355
0.03615
0.0686645
0.101979
0.136794
0.150109
0.132323
0.117638
0.115353
0.119768
0.107283
0.0928985
0.0862138
0.0757291
0.0151445
-0.03024
0.0314755
0.0320911
0.0145068
0.0155226
0.0284384
0.00885427
0.0417702
0.0646863
0.100502
0.105319
0.0483348
0.00905112
0.00586751
0.042984
0.0194005
0.0258171
0.0316338
0.0184505
0.0205674
-0.00251574
0.0152012
-0.0256817
-0.0299646
-0.0388475
-0.0579302
-0.0465129
-0.108195
-0.097278
-0.0910605
-0.111143
-0.123125
-0.127207
-0.13459
-0.130572
-0.136454
-0.131536
-0.0461177
0.0583005
0.0709188
0.101237
0.136455
0.153174
0.151092
0.143311
0.0348298
-0.0833515
-0.0870327
-0.0452138
0.0335052
-0.0188758
-0.0397567
-0.0565375
-0.0674183
-0.0970989
-0.11848
-0.14166
-0.172341
-0.167521
-0.174801
-0.177382
-0.158862
-0.153742
-0.136722
-0.121302
-0.109182
-0.0989616
-0.124241
-0.144621
-0.123701
-0.10928
-0.10606
-0.052639
-0.0236183
-0.0753976
-0.0898768
-0.136356
-0.145935
-0.176714
-0.228993
-0.237072
-0.24105
-0.250929
-0.249708
-0.235586
-0.236265
-0.257643
-0.250621
-0.2417
-0.227578
-0.214556
-0.202134
-0.189812
-0.16979
-0.171868
-0.174345
-0.170223
-0.163701
-0.165678
-0.165256
-0.161733
-0.15681
-0.187188
-0.217965
-0.280242
-0.284219
-0.278196
-0.282973
-0.27295
-0.252927
-0.190103
-0.10588
-0.0847564
-0.0772328
-0.0921092
-0.0976856
-0.0952618
-0.090838
-0.0888141
-0.0879902
-0.0851661
-0.083242
-0.0802179
-0.0767936
-0.0623693
-0.0598449
-0.0672205
-0.051696
0.00482865
0.0710533
0.115978
0.129803
0.135428
0.135553
0.137178
0.137703
0.189828
0.210153
0.183079
0.166704
0.156029
0.147055
0.145281
0.129306
0.128232
0.122658
0.119584
0.10171
0.109536
0.133062
0.140388
0.149214
0.11734
0.0278668
-0.140007
-0.19208
-0.197854
-0.171327
-0.133
-0.234273
-0.197146
-0.0470195
-0.121893
-0.112265
-0.0935382
-0.084711
-0.0764837
-0.0683563
-0.0548289
-0.0499013
-0.0502737
-0.0460461
-0.0381183
-0.0225905
-0.0223626
0.0662653
0.145793
0.157321
0.13275
0.147878
0.0547062
0.108935
0.156163
0.198992
0.20202
0.194849
0.188778
0.176706
0.168335
0.177464
0.195393
0.222522
0.309851
0.353681
0.33971
0.322339
0.329969
0.303898
0.310228
0.305858
0.202887
0.198317
0.181647
0.187077
0.158407
0.183037
0.239767
0.257898
0.265428
0.227958
0.230089
0.283119
0.27935
0.25078
0.241611
0.234842
0.281473
0.247604
0.223935
0.230666
0.226797
0.234428
0.27996
0.337091
0.416722
0.386754
0.328786
0.328417
0.301049
0.294681
0.335313
0.340545
0.340977
0.302609
0.332041
0.337673
0.345005
0.330638
0.31487
0.312703
0.316935
0.323068
0.317401
0.326634
0.342466
0.305099
0.293632
0.283466
0.283099
0.263032
0.258665
0.249099
0.240432
0.259566
0.314299
0.355133
0.404167
0.4131
0.418634
0.418468
0.410002
0.373636
0.36207
0.330405
0.297639
0.298073
0.294908
0.292742
0.305777
0.326712
0.307246
0.253981
0.228916
0.179051
0.170686
0.161621
0.178456
0.202491
0.240027
0.281762
0.306498
0.285833
0.283369
0.290804
0.28934
0.282076
0.275512
0.261748
0.249084
0.24502
0.233356
0.235592
0.256128
0.265865
0.279001
0.272738
0.207474
0.136811
0.121748
0.100285
0.0911215
0.120758
0.203995
0.329133
0.33647
0.304107
0.319844
0.312982
0.297719
0.295257
0.286894
0.279732
0.26927
0.259007
0.250045
0.262383
0.288721
0.290359
0.280697
0.260036
0.298174
0.283612
0.197251
0.258489
0.170128
0.187467
0.207705
0.212744
0.224683
0.256422
0.278561
0.2747
0.265139
0.260778
0.251218
0.241557
0.232496
0.223236
0.220076
0.222115
0.239555
0.264695
0.245735
0.270075
0.306315
0.258255
0.249395
0.232735
0.214575
0.202316
0.241056
0.330397
0.374437
0.447678
0.485119
0.474759
0.4633
0.468441
0.469982
0.482523
0.481265
0.461006
0.446847
0.464288
0.47943
0.484771
0.468613
0.450055
0.446396
0.437338
0.43098
0.436322
0.453464
0.486506
0.510248
0.51609
0.510333
0.527275
0.519118
0.51916
0.525803
0.528445
0.520888
0.511531
0.499774
0.500917
0.49216
0.488503
0.491946
0.481689
0.458132
0.447876
0.432819
0.436963
0.442206
0.44875
0.450594
0.468937
0.482581
0.540025
0.566669
0.572313
0.539258
0.539302
0.561146
0.56939
0.577835
0.571779
0.555124
0.549069
0.552713
0.538258
0.543903
0.566148
0.578193
0.561238
0.561483
0.561428
0.523074
0.522819
0.511464
0.51571
0.541256
0.583401
0.609247
0.605293
0.583439
0.553185
0.545231
0.506277
0.493323
0.467969
0.461315
0.461662
0.449408
0.476455
0.504101
0.519848
0.544095
0.558341
0.558488
0.535935
0.473882
0.354629
0.367676
0.383424
0.550871
0.549018
0.562466
0.621313
0.653761
0.649008
0.650856
0.644604
0.653752
0.6579
0.667048
0.665496
0.658844
0.671892
0.64134
0.629089
0.540837
0.376486
0.356034
0.266283
0.204432
0.243981
0.226729
0.265278
0.290427
0.369376
0.375026
0.371275
0.423224
0.416373
0.427623
0.422972
0.415622
0.403072
0.411121
0.404271
0.404821
0.420171
0.419721
0.432171
0.469421
0.798871
0.765522
0.639672
0.566322
0.547973
0.534924
0.525474
0.584725
0.633776
0.659827
0.709477
0.671228
0.78938
0.847231
0.837682
0.851833
0.864485
0.860136
0.800888
0.790339
0.817291
0.812142
0.824694
0.780646
0.748398
0.76245
0.767602
0.792654
0.805406
0.808159
0.813811
0.838064
0.839816
0.852169
0.862021
0.859474
0.882427
0.90368
0.898333
0.886386
0.892539
0.876892
0.865845
0.854598
0.857952
0.870505
0.855659
0.850612
0.796866
0.76392
0.731373
0.747427
0.758081
0.746135
0.764889
0.774443
0.761298
0.771452
0.786106
0.785261
0.796515
0.78827
0.777424
0.772279
0.765134
0.762989
0.779644
0.791899
0.823954
0.923909
0.994864
0.986019
0.936775
0.89453
0.925686
0.920741
0.906397
0.922553
0.920108
0.925864
0.92732
0.910376
0.897832
0.889888
0.890745
0.881301
0.874057
0.860714
0.86987
0.851127
0.843583
0.85384
0.850997
0.855154
0.854011
0.832068
0.807025
0.762082
0.743839
0.680196
0.700754
0.748611
0.767269
0.691726
0.697884
0.723242
0.743499
0.744857
0.727615
0.716373
0.695431
0.665989
0.677947
0.674706
0.683264
0.672223
0.690981
0.71064
0.730998
0.736957
0.821016
0.802675
0.790034
0.825493
0.761452
0.746711
0.77337
0.813229
0.775689
0.721248
0.733508
0.716467
0.693727
0.670086
0.647146
0.597306
0.593866
0.595026
0.581586
0.570446
0.576806
0.625467
0.679627
0.664987
0.626948
0.548609
0.504069
0.48193
0.522991
0.580552
0.621912
0.653873
0.722334
0.733796
0.746957
0.758318
0.749779
0.739841
0.722602
0.724864
0.710126
0.692787
0.672849
0.655811
0.617373
0.579835
0.550197
0.545559
0.541021
0.529884
0.538446
0.522708
0.495971
0.556033
0.536596
0.551859
0.508521
0.464684
0.467947
0.45491
0.398273
0.352536
0.3584
0.366963
0.403426
0.42149
0.384753
0.359317
0.38778
0.400544
0.402008
0.376572
0.293736
0.2515
0.239864
0.209328
0.213892
0.195856
0.136021
0.108685
0.12765
0.124614
0.129179
0.127644
0.131808
0.140673
0.154638
0.145703
0.161468
0.183533
0.201198
0.224664
0.246929
0.239494
0.20516
0.157726
0.149491
0.176357
0.182623
0.192289
0.185154
0.20312
0.219786
0.252753
0.273619
0.266685
0.276551
0.240018
0.233384
0.256951
0.277318
0.276384
0.272551
0.268918
0.268485
0.264852
0.278619
0.282686
0.250053
0.23022
0.222688
0.193855
0.164223
0.12679
0.0839579
0.0517256
0.259993
0.426661
0.473529
0.530797
0.524865
0.517033
0.495202
0.47387
0.461138
0.457607
0.443475
0.424544
0.423012
0.414881
0.42595
0.419719
0.428187
0.383656
0.312726
0.186395
0.175664
